Group	BOSS
{
	Mob	191
	Type	drop
	1	30037	1	100	
	2	76023	10	100	
}
Group	BOSS
{
	Mob	192
	Type	drop
	1	30072	1	100	
	2	76023	10	100	
}
Group	BOSS
{
	Mob	193
	Type	drop
	1	30072	1	100	
	2	76023	20	100	
}
Group	BOSS
{
	Mob	193
	Type	drop
	1	30072	1	100	
	2	76023	20	100	
}
Group	DropItemMejora
{
	Mob	194
	Type	drop
	1	30037	1	100	
	2	76023	20	100	
}
Group	BOSS
{
	Mob	491
	Type	drop
	1	30075	1	100	
	2	71151	30	100	
	3	80064	1	100	
}
Group	BOSS
{
	Mob	492
	Type	drop
	1	30075	1	100	
	2	71151	30	100	
	3	80064	1	100	
}
Group	BOSS
{
	Mob	493
	Type	drop
	1	30021	1	100	
	2	71151	30	100	
	3	80064	1	100	
}
Group	BOSS
{
	Mob	494
	Type	drop
	1	30021	1	100	
	2	71151	30	100	
	3	80064	1	100	
}
Group	BOSS
{
	Mob	534
	Type	drop
	1	290	1	25	
	2	1170	1	25	
	3	2150	1	25	
	4	3210	1	25	
	5	5110	1	25	
	6	7160	1	25	
}
Group	BOSS
{
	Mob	533
	Type	drop
	1	290	1	25	
	2	1170	1	25	
	3	2150	1	25	
	4	3210	1	25	
	5	5110	1	25	
	6	7160	1	25	
}
Group	BOSS
{
	Mob	591
	Type	drop
	1	30021	1	100	
	2	71151	50	100	
	3	80064	1	100	
}
Group	BOSS
{
	Mob	691
	Type	drop
	1	30006	1	100	
	2	71084	30	100	
	3	3074	1	10	
	4	80064	1	100	
	5	30007	1	100	
	6	30008	1	100	
	7	30076	1	100	
	8	30077	1	100	
	9	30078	1	100	
	10	27992	1	30	
	11	71151	50	100	
	12	39070	1	100	
	13	39070	2	50	
	14	77910	1	75	
	15	100300	1	100	
	16	80019	1	100	
	17	55001	1	1	
	18	7004300	3	400	
	19	7000500	3	400	
	20	7074	1	10	
	21	5044	1	10	
	22	1044	1	10	
	23	13044	1	10	
	24	14124	1	10	
	25	16124	1	10	
	26	17124	1	10	
	27	2074	1	10	
	28	84	1	10	
	29	11254	1	10	
	30	11454	1	10	
	31	11654	1	10	
	32	11854	1	10	
	33	50255	5	100	
	34	55004	1	400	
	35	80063	3	400	
}
Group	BOSS
{
	Mob	791
	Type	drop
	1	30006	1	100	
	2	71084	30	100	
	3	11854	1	10	
	4	80064	1	100	
	5	30079	1	100	
	6	30051	1	100	
	7	30080	1	100	
	8	30047	1	100	
	9	27992	1	30	
	10	71151	50	100	
	11	11654	1	10	
	12	39070	1	100	
	13	39070	2	50	
	14	77910	1	75	
	15	100300	1	100	
	16	80019	1	100	
	17	55001	1	1	
	18	7004300	3	400	
	19	7000500	3	400	
	20	7084	1	10	
	21	5054	1	10	
	22	1054	1	10	
	23	13044	1	10	
	24	14144	1	10	
	25	15144	1	10	
	26	16144	1	10	
	27	17144	1	10	
	28	2084	1	10	
	29	94	1	10	
	30	3084	1	10	
	31	11254	1	10	
	32	11454	1	10	
	33	50255	5	100	
	34	55004	1	400	
	35	80063	5	400	
	36	30670	1	20	
}
Group	BOSS
{
	Mob	2091
	Type	drop
	1	71084	50	100	
	2	7000500	5	400	
	3	80064	2	100	
	4	27992	1	30	
	5	27993	1	5	
	6	30056	1	100	
	7	30057	1	100	
	8	30058	1	100	
	9	30059	1	100	
	10	7004300	5	400	
	11	7104	1	10	
	12	5064	1	10	
	13	1074	1	10	
	14	14164	1	10	
	15	15164	1	10	
	16	16164	1	10	
	17	17164	1	10	
	18	12240	1	10	
	19	12380	1	10	
	20	12520	1	10	
	21	12660	1	10	
	22	13060	1	10	
	23	13080	1	10	
	24	13100	1	10	
	25	13120	1	10	
	26	2104	1	10	
	27	114	1	10	
	28	11264	1	10	
	29	11464	1	10	
	30	11664	1	10	
	31	11864	1	10	
	32	39071	1	100	
	33	39071	2	50	
	34	77910	1	75	
	35	100300	1	100	
	36	80019	1	100	
	37	55001	1	1	
	38	50255	10	100	
	39	55004	1	400	
	40	49993	1	400	
	41	80063	5	400	
	42	30670	1	20	
}
Group	BOSS
{
	Mob	2191
	Type	drop
	1	71084	50	100	
	2	7000500	5	400	
	3	80064	2	100	
	4	27992	1	30	
	5	27993	1	5	
	6	7004300	5	400	
	7	7114	1	10	
	8	5074	1	10	
	9	1084	1	10	
	10	14164	1	10	
	11	15164	1	10	
	12	16164	1	10	
	13	17164	1	10	
	14	2114	1	10	
	15	124	1	10	
	16	11274	1	10	
	17	11474	1	10	
	18	11674	1	10	
	19	11874	1	10	
	20	3114	1	10	
	21	39071	1	100	
	22	39071	2	50	
	23	77910	1	75	
	24	100300	1	100	
	25	80019	1	100	
	26	55001	1	1	
	27	50255	10	100	
	28	55004	1	400	
	29	49993	1	400	
	30	80063	10	400	
	31	30670	1	20	
}
Group	BOSS
{
	Mob	1901
	Type	drop
	1	71084	75	100	
	2	11880	1	10	
	3	80064	2	100	
	4	27992	1	30	
	5	27993	1	5	
	6	27994	1	10	
	7	11680	1	10	
	8	39071	2	100	
	9	39071	3	20	
	10	77910	1	75	
	11	100300	1	100	
	12	80019	1	100	
	13	55001	1	1	
	14	7004300	5	400	
	15	7000500	5	400	
	16	55036	1	1	
	17	7120	1	10	
	18	5080	1	10	
	19	1090	1	10	
	20	14180	1	10	
	21	15180	1	10	
	22	16180	1	10	
	23	17180	1	10	
	24	12260	1	10	
	25	12390	1	10	
	26	12530	1	10	
	27	12670	1	10	
	28	2120	1	10	
	29	130	1	10	
	30	3120	1	10	
	31	11280	1	10	
	32	11480	1	10	
	33	50255	10	100	
	34	55005	1	50	
	35	49993	1	400	
	36	80063	10	400	
	37	30670	1	20	
}
Group	BOSS
{
	Mob	2206
	Type	drop
	1	71084	75	100	
	2	11880	1	10	
	3	80064	2	100	
	4	27992	1	30	
	5	27993	1	10	
	6	27994	1	5	
	7	11680	1	10	
	8	39071	2	100	
	9	39071	3	20	
	10	77910	1	75	
	11	100300	1	100	
	12	80019	1	100	
	13	55001	1	1	
	14	7004300	5	400	
	15	7000500	5	400	
	16	55036	1	1	
	17	7140	1	10	
	18	5100	1	10	
	19	1100	1	10	
	20	14200	1	10	
	21	15200	1	10	
	22	16200	1	10	
	23	17200	1	10	
	24	12260	1	5	
	25	12390	1	5	
	26	12530	1	5	
	27	12670	1	5	
	28	2140	1	10	
	29	140	1	10	
	30	3130	1	10	
	31	11280	1	10	
	32	11480	1	10	
	33	50255	10	100	
	34	55005	1	50	
	35	49993	1	400	
	36	80063	10	400	
	37	30670	1	20	
	38	150	1	10	
}
Group	BOSS
{
	Mob	1304
	Type	drop
	1	71084	75	100	
	2	240	1	10	
	3	80064	2	100	
	4	27992	1	30	
	5	27993	1	10	
	6	27994	1	5	
	7	11880	1	10	
	8	39071	2	100	
	9	39071	3	20	
	10	77910	1	75	
	11	100300	1	100	
	12	80019	1	100	
	13	55001	1	1	
	14	7004300	5	400	
	15	7000500	5	400	
	16	55036	1	1	
	17	7130	1	10	
	18	5090	1	10	
	19	1110	1	10	
	20	14200	1	10	
	21	15200	1	10	
	22	16200	1	10	
	23	17200	1	10	
	24	12260	1	5	
	25	12390	1	5	
	26	12530	1	5	
	27	12670	1	5	
	28	2130	1	10	
	29	160	1	10	
	30	3140	1	10	
	31	11280	1	10	
	32	11480	1	10	
	33	11680	1	10	
	34	50255	10	100	
	35	55005	1	50	
	36	49993	1	400	
	37	80063	10	400	
	38	30670	1	20	
}
Group	BOSS
{
	Mob	1091
	Type	drop
	1	71084	50	100	
	2	7000500	5	400	
	3	80064	2	100	
	4	27992	1	30	
	5	27993	1	5	
	6	7004300	5	400	
	7	7114	1	10	
	8	5074	1	10	
	9	1084	1	10	
	10	14164	1	10	
	11	15164	1	10	
	12	16164	1	10	
	13	17164	1	10	
	14	2114	1	10	
	15	124	1	10	
	16	11274	1	10	
	17	11474	1	10	
	18	11674	1	10	
	19	11874	1	10	
	20	3114	1	10	
	21	39071	1	100	
	22	39071	2	50	
	23	77910	1	75	
	24	100300	1	100	
	25	80019	1	100	
	26	55001	1	1	
	25	50255	5	100	
	26	49993	1	400	
	27	80063	3	400	
	38	30670	1	20	
}
Group	BOSS
{
	Mob	1092
	Type	drop
	1	71084	75	100	
	2	11880	1	10	
	3	80064	2	100	
	4	27992	1	30	
	5	27993	1	5	
	6	27994	1	1	
	7	11680	1	10	
	8	39071	2	100	
	9	39071	3	20	
	10	77910	1	75	
	11	100300	1	100	
	12	80019	1	100	
	13	55001	1	1	
	14	7004300	6	400	
	15	7000500	6	400	
	16	55036	1	1	
	17	7120	1	10	
	18	5080	1	10	
	19	1090	1	10	
	20	14180	1	10	
	21	15180	1	10	
	22	16180	1	10	
	23	17180	1	10	
	24	12260	1	10	
	25	12390	1	10	
	26	12530	1	10	
	27	12670	1	10	
	28	2120	1	10	
	29	130	1	10	
	30	3120	1	10	
	31	11280	1	10	
	32	11480	1	10	
	33	50255	7	100	
	34	49993	1	400	
	35	80063	5	400	
	36	30670	1	50	
}
Group	BOSS
{
	Mob	1191
	Type	drop
	1	71084	75	100	
	2	55036	1	1	
	3	80064	2	100	
	4	27992	1	30	
	5	27993	1	10	
	6	27994	1	5	
	7	7000500	10	400	
	8	39072	2	100	
	9	39071	3	30	
	10	77910	1	75	
	11	100300	1	100	
	12	80019	1	100	
	13	55001	1	1	
	14	7004300	10	400	
	15	50255	10	100	
	16	11290	1	10	
	17	11490	1	10	
	18	11690	1	10	
	19	11890	1	10	
	20	180	1	1	
	21	190	1	1	
	22	1130	1	1	
	23	2170	1	1	
	24	3160	1	1	
	25	5120	1	1	
	26	49993	1	400	
	27	80063	10	400	
	28	30670	1	50	
}
Group	BOSS
{
	Mob	2307
	Type	drop
	1	71084	75	100	
	2	55036	1	1	
	3	80064	2	100	
	4	27992	1	30	
	5	27993	1	10	
	6	27994	1	5	
	7	7000500	10	400	
	8	39072	2	100	
	9	39071	3	30	
	10	77910	1	75	
	11	100300	1	100	
	12	80019	1	100	
	13	55001	1	1	
	14	7004300	10	400	
	15	50255	25	100	
	16	49993	1	400	
	17	80063	10	400	
	18	30670	1	50	
}
Group	DUNGEONBOSS
{
	Mob	2092
	Type	drop
	1	71084	75	100
	2	30031	1	100
	3	80064	2	100
	4	27992	1	30
	5	27993	1	10
	6	27994	1	5
	7	33031	1	100
	8	39072	2	100
	9	39071	3	30
	10	77910	1	75
	11	100300	1	100
	12	80019	1	100
	13	55001	1	1
	14	7004300	10	400
	15	7000500	10	400
	16	55036	1	1
	17	7150	1	5
	18	1120	1	5
	19	14200	1	5
	20	15200	1	5
	21	16200	1	5
	22	17200	1	5
	23	13160	1	3
	24	2180	1	5
	25	170	1	5
	26	250	1	5
	27	3150	1	5
	28	11480	1	5
	29	11280	1	5
	30	11680	1	5
	31	11880	1	5
	32	80030	1	100
	33	80030	1	100
	34	80030	1	100
	35	55009	1	75
	36	96005	1	100
	37	50255	15	100
	38	30400	10	100
	39	30400	10	50
	40	49994	1	400
	41	31136	1	400
	42	25050	1	3
	43	72320	1	400
}
Group	DUNGEONBOSS
{
	Mob	1093
	Type	drop
	1	71084	75	100
	2	30031	1	100
	3	80064	2	100
	4	27992	1	40
	5	27993	1	15
	6	27994	1	10
	7	33031	1	100
	8	39072	2	100
	9	39072	3	10
	10	77910	1	75
	11	100300	1	100
	12	80019	1	100
	13	55001	1	1
	14	7004300	15	400
	15	7000500	15	400
	16	55036	1	1
	17	55009	1	75
	18	50082	1	100
	19	50082	1	100
	20	50082	1	100
	21	30193	1	100
	22	30193	2	50
	23	96004	1	100
	24	50255	20	100
	25	30400	10	100
	26	30400	20	50
	27	25041	1	5
	28	49994	1	400
	29	31136	1	400
	30	25050	1	5
	31	72320	1	400
}
Group	DUNGEONBOSS
{
	Mob	2493
	Type	drop
	1	71084	200	100
	2	30031	1	100
	3	80064	20	100
	4	27992	1	40
	5	27993	1	15
	6	27994	1	10
	7	33031	1	100
	8	39072	2	100
	9	39072	3	10
	10	77911	1	75
	11	100300	1	100
	12	80019	1	100
	13	55001	1	1
	14	7004300	15	400
	15	7000500	15	400
	16	71129	1	75
	17	71123	1	75
	18	70031	1	75
	19	55009	1	75
	20	51112	1	100
	21	51112	1	100
	22	51112	1	100
	23	96006	1	100
	24	50255	20	100
	25	30400	25	100
	26	30400	50	50
	27	30400	100	5
	28	55006	1	50
	29	80025	25	1
	30	25041	1	2
	31	49994	1	400
	32	31136	1	400
	33	25050	1	3
	34	31126	1	50
	35	31127	1	50
	36	72320	1	400
}
Group	DUNGEONBOSS
{
	Mob	2598
	Type	drop
	1	71084	75	100
	2	30031	1	100
	3	80064	2	100
	4	27992	1	40
	5	27993	1	10
	6	27994	1	15
	7	33031	1	100
	8	39072	2	100
	9	39072	3	10
	10	77911	1	75
	11	100300	1	100
	12	80019	1	100
	13	55001	1	1
	14	7004300	20	400
	15	7000500	20	400
	16	11290	1	10
	17	11490	1	10
	18	11690	1	10
	19	11890	1	10
	20	55009	1	75
	21	50186	1	100
	22	50186	1	100
	23	50186	1	100
	24	96004	1	100
	25	50255	20	100
	26	30400	20	100
	27	30400	25	50
	28	30400	30	5
	29	55006	1	400
	30	80025	25	2
	31	300009	1	30
	32	25041	1	5
	33	49994	1	400
	34	25050	1	5
	35	72320	2	400
}
Group	DUNGEONBOSS
{
	Mob	6091
	Type	drop
	1	71084	75	100
	2	30031	1	100
	3	80064	2	100
	4	27992	1	40
	5	27993	1	15
	6	27994	1	10
	7	33031	1	100
	8	39072	2	100
	9	39072	3	10
	10	77911	1	75
	11	100300	1	100
	12	80019	1	100
	13	55001	1	1
	14	7004300	25	400
	15	7000500	25	400
	16	30513	1	50
	17	30514	1	50
	18	30511	1	50
	19	30517	1	50
	20	30510	1	50
	21	30516	1	50
	22	30518	1	50
	23	30520	1	50
	24	30522	1	50
	25	30519	1	50
	26	30521	1	50
	27	30506	1	50
	28	30500	1	50
	29	30503	1	50
	30	30504	1	50
	31	30501	1	50
	32	30507	1	50
	33	30508	1	50
	34	30502	1	50
	35	30505	1	50
	36	30509	1	50
	37	30512	1	50
	38	30515	1	50
	39	30523	1	50
	40	55009	1	75
	41	30550	1	400
	42	51110	1	100
	43	51110	1	100
	44	51110	1	100
	45	96001	1	100
	46	50255	20	100
	47	50255	10	100
	48	30400	30	100
	49	30400	20	50
	50	30400	30	5
	51	30623	1	50
	52	30524	1	400
	53	30601	1	50
	54	30603	1	70
	55	30614	1	70
	56	80025	25	3
	57	300010	1	50
	58	25041	1	7
	59	49994	1	400
	60	25050	1	7
	61	31128	1	50
	62	72320	3	400
}
Group	DUNGEONBOSS
{
	Mob	6191
	Type	drop
	1	71084	75	100
	2	30031	1	100
	3	80064	2	100
	4	27992	1	40
	5	27993	1	15
	6	27994	1	10
	7	33031	1	100
	8	39072	2	100
	9	39072	3	10
	10	77911	1	75
	11	100300	1	100
	12	80019	1	100
	13	55001	1	1
	14	7004300	25	400
	15	7000500	25	400
	16	30513	1	50
	17	30514	1	50
	18	30511	1	50
	19	30517	1	50
	20	30510	1	50
	21	30516	1	50
	22	30518	1	50
	23	30520	1	50
	24	30522	1	50
	25	30519	1	50
	26	30521	1	50
	27	30506	1	50
	28	30500	1	50
	29	30503	1	50
	30	30504	1	50
	31	30501	1	50
	32	30507	1	50
	33	30508	1	50
	34	30502	1	50
	35	30505	1	50
	36	30509	1	50
	37	30512	1	50
	38	30515	1	50
	39	30523	1	50
	40	55009	1	75
	41	30550	1	100
	42	51111	1	100
	43	51111	1	100
	44	51111	1	100
	45	96002	1	100
	46	50255	20	100
	47	50255	10	100
	48	30400	30	100
	49	30400	20	50
	50	30400	30	5
	51	30623	1	50
	52	30525	1	400
	53	30600	1	50
	54	30602	1	70
	55	30615	1	70
	56	80025	25	3
	57	300011	1	25
	58	25041	1	7
	59	49994	1	400
	60	25050	1	7
	61	31129	1	50
	62	72320	3	400
}
Group	DUNGEONBOSS
{
	Mob	9018
	Type	drop
	1	71084	200	100
	2	54705	1	400
	3	80064	2	100
	4	27992	1	40
	5	27993	1	15
	6	27994	1	10
	7	55009	1	75
	8	39072	2	100
	9	39072	3	10
	10	77911	1	75
	11	100300	1	100
	12	80019	1	100
	13	55001	1	1
	14	7004300	30	400
	15	7000500	30	400
	16	30550	1	100
	17	54705	1	400
	18	54705	1	400
	19	50255	20	100
	20	50255	10	100
	21	30400	50	100
	22	30400	20	50
	23	30400	30	5
	24	30627	1	100
	25	30616	1	60
	26	30617	1	60
	27	77912	1	20
	28	100400	1	50
	29	80025	75	5
	30	30611	2	80
	31	30612	2	100
	32	30612	1	50
	33	300011	1	30
	34	25041	1	8
	35	49994	2	400
	36	71084	500	100
	37	30624	1	30
	38	30618	1	60
	39	30622	1	50
	40	25050	1	8
	41	300012	1	25
	42	72320	5	400
}
Group	DUNGEONBOSS
{
	Mob	20442
	Type	drop
	1	71084	200	100
	2	51116	1	400
	3	80064	2	100
	4	27992	1	50
	5	27993	1	20
	6	27994	1	10
	7	55009	1	75
	8	39072	2	100
	9	39072	3	10
	10	77911	1	75
	11	100300	1	100
	12	80019	1	100
	13	55001	1	1
	14	7004300	30	400
	15	7000500	30	400
	16	30550	1	100
	17	51116	1	400
	18	51116	1	400
	19	50255	20	100
	20	50255	10	100
	21	30400	50	100
	22	30400	20	50
	23	30400	30	5
	24	30628	1	100
	25	30616	1	60
	26	30617	1	60
	27	77912	1	20
	28	100400	1	50
	29	30550	1	400
	30	30550	1	400
	31	80025	75	5
	32	30630	1	100
	33	30621	1	100
	34	30620	1	100
	35	25041	1	8
	36	49994	2	400
	37	31136	1	400
	38	71084	500	100
	39	30622	1	100
	40	25050	1	8
	41	300012	1	50
	42	72320	5	400
}
Group	DUNGEONBOSS
{
	Mob	4095
	Type	drop
	1	71084	75	100
	2	30031	1	100
	3	80064	2	100
	4	27992	1	40
	5	27993	1	15
	6	27994	1	10
	7	33031	1	100
	8	39072	2	100
	9	39072	3	10
	10	77911	1	75
	11	100300	1	100
	12	80019	1	100
	13	55001	1	1
	14	7004300	25	400
	15	7000500	25	400
	16	30513	1	50
	17	30514	1	50
	18	30511	1	50
	19	30517	1	50
	20	30510	1	50
	21	30516	1	50
	22	30518	1	50
	23	30520	1	50
	24	30522	1	50
	25	30519	1	50
	26	30521	1	50
	27	30506	1	50
	28	30500	1	50
	29	30503	1	50
	30	30504	1	50
	31	30501	1	50
	32	30507	1	50
	33	30508	1	50
	34	30502	1	50
	35	30505	1	50
	36	30509	1	50
	37	30512	1	50
	38	30515	1	50
	39	30523	1	50
	40	55009	1	75
	41	30550	1	100
	42	50134	1	100
	43	50134	1	100
	44	50134	1	100
	45	50255	20	100
	46	50255	10	100
	47	30400	30	100
	48	30400	20	50
	49	30400	30	5
	50	80025	25	3
	51	25041	1	7
	52	49994	1	400
	53	31136	1	400
	54	25050	1	7
	55	31121	2	100
	56	33029	5	400
	57	33029	5	400
	58	33030	5	400
	59	33030	5	400
	60	72320	5	400
}
Group	DUNGEONBOSS
{
	Mob	4043
	Type	drop
	1	71084	75	100
	2	30031	1	100
	3	80064	2	100
	4	27992	1	40
	5	27993	1	15
	6	27994	1	10
	7	33031	1	100
	8	39072	2	100
	9	39072	3	10
	10	77911	1	75
	11	100300	1	100
	12	80019	1	100
	13	55001	1	1
	14	7004300	25	400
	15	7000500	25	400
	16	30513	1	50
	17	30514	1	50
	18	30511	1	50
	19	30517	1	50
	20	30510	1	50
	21	30516	1	50
	22	30518	1	50
	23	30520	1	50
	24	30522	1	50
	25	30519	1	50
	26	30521	1	50
	27	30506	1	50
	28	30500	1	50
	29	30503	1	50
	30	30504	1	50
	31	30501	1	50
	32	30507	1	50
	33	30508	1	50
	34	30502	1	50
	35	30505	1	50
	36	30509	1	50
	37	30512	1	50
	38	30515	1	50
	39	30523	1	50
	40	55009	1	75
	41	30550	1	100
	42	50157	1	100
	43	50157	1	100
	44	50157	1	100
	45	50255	20	100
	46	50255	10	100
	47	30400	30	100
	48	30400	20	50
	49	30400	30	5
	50	80025	25	3
	51	25041	1	7
	52	49994	1	400
	53	31136	1	400
	54	25050	1	7
	55	31124	2	100
	56	31125	2	100
	57	31130	2	100
	58	31131	2	100
	59	31132	2	100
	60	72320	5	400
}

Group	Metin
{
	Mob	8001
	Type	drop
	1	76023	1	400	
}
Group	Metin
{
	Mob	8002
	Type	drop
	1	76023	2	400	
}
Group	Metin
{
	Mob	8003
	Type	drop
	1	76023	3	400	
}
Group	Metin
{
	Mob	8004
	Type	drop
	1	80025	1	400	
	2	71151	3	400	
	3	71151	2	40	
}
Group	Metin
{
	Mob	8005
	Type	drop
	1	80025	1	400	
	2	71151	5	400	
	3	71151	2	40	
	4	50300	1	400	
	5	77904	1	400	
}
Group	Metin
{
	Mob	8006
	Type	drop
	1	80025	1	400	
	2	71151	6	400	
	3	71151	2	40	
	4	50300	1	400	
	5	77904	1	400	
	6	30098	1	400	
	7	30100	1	400	
}
Group	Metin
{
	Mob	8007
	Type	drop
	1	80025	1	400	
	2	71151	7	400	
	3	71151	2	40	
	4	30270	1	100	
	5	50300	1	400	
	6	77904	1	400	
	7	30098	1	400	
	8	30100	1	400	
}
Group	Metin
{
	Mob	8008
	Type	drop
	1	80025	1	400	
	2	71151	5	400	
	3	71084	5	40	
	4	30270	2	100	
	5	50300	1	400	
	6	77904	1	400	
	7	30098	1	400	
	8	30100	1	400	
	9	80025	1	400	
	10	80060	1	400	
	11	80061	1	20	
}
Group	Metin
{
	Mob	8009
	Type	drop
	1	71084	6	400	
	2	80025	1	400	
	3	80064	1	50	
	4	72064	1	10	
	5	30270	3	100	
	6	50300	1	400	
	7	50513	1	10	
	8	77904	1	400	
	9	30098	1	400	
	10	30100	1	400	
	11	80025	1	400	
	12	80060	1	400	
	13	80061	1	20	
}
Group	Metin
{
	Mob	8010
	Type	drop
	1	71084	7	400	
	2	80025	1	400	
	3	80064	1	50	
	4	72064	1	15	
	5	30270	4	100	
	6	80025	1	400	
	7	50300	1	400	
	8	50513	1	10	
	9	77904	1	400	
	10	30098	1	400	
	11	30100	1	400	
	12	80060	1	400	
	13	80061	1	20	
}
Group	Metin
{
	Mob	8011
	Type	drop
	1	71084	8	400	
	2	80025	2	400	
	3	80064	1	50	
	4	72064	1	20	
	5	30270	4	100	
	6	80025	1	400	
	7	50300	1	400	
	8	50513	1	10	
	9	77904	1	400	
	10	30098	1	400	
	11	30100	1	400	
	12	49990	1	400	
	13	80060	1	400	
	14	80061	1	20	
	15	30669	1	3	
}
Group	Metin
{
	Mob	8012
	Type	drop
	1	71084	9	400	
	2	80025	2	400	
	3	80064	1	50	
	4	72064	1	20	
	5	30270	4	100	
	6	80025	1	400	
	7	50300	1	400	
	8	50513	1	10	
	9	77904	1	400	
	10	30098	1	400	
	11	30100	1	400	
	12	49990	1	400	
	13	80060	1	400	
	14	80061	1	30	
	15	30669	1	3	
}
Group	Metin
{
	Mob	8013
	Type	drop
	1	71084	10	400	
	2	80025	2	400	
	3	80064	1	50	
	4	72064	1	25	
	5	30270	4	100	
	6	80025	1	400	
	7	50300	1	400	
	8	50513	1	10	
	9	77904	1	400	
	10	30098	1	400	
	11	30100	1	400	
	12	49990	1	400	
	13	80060	1	400	
	14	80061	1	40	
	15	30669	1	3	
}
Group	Metin
{
	Mob	8014
	Type	drop
	1	71084	11	400	
	2	80025	2	400	
	3	80064	1	50	
	4	72064	1	25	
	5	30270	4	100	
	6	80025	1	400	
	7	50300	1	400	
	8	50513	1	15	
	9	77904	1	400	
	10	30098	1	400	
	11	30100	1	400	
	12	49990	1	400	
	13	80060	1	400	
	14	80061	1	50	
	15	30669	1	3	
}
Group	Metin
{
	Mob	8024
	Type	drop
	1	71084	17	400	
	2	80025	2	10	
	3	80064	1	70	
	4	72064	1	35	
	5	72065	1	3	
	6	7000500	1	400	
	7	7004300	1	400	
	8	30270	5	100	
	9	80025	1	400	
	10	50300	1	400	
	11	50513	1	15	
	12	77904	1	400	
	13	30098	1	400	
	14	30100	1	400	
	15	49990	2	400	
	16	80061	1	400	
	17	80062	1	30	
	18	30669	1	5	
}
Group	Metin
{
	Mob	8025
	Type	drop
	1	71084	17	400	
	2	80025	2	10	
	3	80064	1	70	
	4	72064	1	35	
	5	72065	1	3	
	6	7000500	1	400	
	7	7004300	1	400	
	8	30270	5	100	
	9	80025	1	400	
	10	50300	1	400	
	11	50513	1	15	
	12	77904	1	400	
	13	30098	1	400	
	14	30100	1	400	
	15	49990	2	400	
	16	80061	1	400	
	17	80062	1	30	
	18	30669	1	5	
}
Group	Metin
{
	Mob	8026
	Type	drop
	1	71084	18	400	
	2	80025	2	10	
	3	80064	1	70	
	4	72064	1	40	
	5	72065	1	5	
	6	7000500	1	400	
	7	7004300	1	400	
	8	30270	5	100	
	9	80025	1	400	
	10	50300	1	400	
	11	50513	1	15	
	12	77904	1	400	
	13	30098	1	400	
	14	30100	1	400	
	15	49990	3	400	
	16	80061	1	400	
	17	80062	1	30	
	18	30669	1	5	
}
Group	Metin
{
	Mob	8027
	Type	drop
	1	71084	18	400	
	2	80025	2	10	
	3	80064	1	70	
	4	72064	1	40	
	5	72065	1	3	
	6	7000500	1	400	
	7	7004300	1	400	
	8	30270	5	100	
	9	80025	1	400	
	10	50300	1	400	
	11	50513	1	15	
	12	77904	1	400	
	13	30098	1	400	
	14	30100	1	400	
	15	49990	3	400	
	16	80061	1	400	
	17	80062	1	50	
	18	30669	1	5	
}
Group	Metin
{
	Mob	8051
	Type	drop
	1	71084	25	400	
	2	80025	1	10	
	3	80064	1	70	
	4	72065	1	40	
	5	72066	1	2	
	6	7000500	1	400	
	7	7004300	1	400	
	8	71302	1	100	
	9	30270	8	100	
	10	80025	2	400	
	11	30518	1	4	
	12	30500	1	4	
	13	30506	1	4	
	14	30512	1	4	
	15	50300	1	400	
	16	50513	1	20	
	17	77904	1	400	
	18	30099	1	400	
	19	30100	1	400	
	20	49991	1	400	
	21	80062	1	400	
	22	80062	1	50	
	23	30669	1	7	
}
Group	Metin
{
	Mob	8052
	Type	drop
	1	71084	25	400	
	2	80025	1	10	
	3	80064	1	70	
	4	72065	1	40	
	5	72066	1	2	
	6	7000500	1	400	
	7	7004300	1	400	
	8	71302	1	100	
	9	30270	8	100	
	10	80025	2	400	
	11	30513	1	4	
	12	30520	1	4	
	13	30501	1	4	
	14	30507	1	4	
	15	50300	1	400	
	16	50513	1	20	
	17	77904	1	400	
	18	30099	1	400	
	19	30100	1	400	
	20	49991	1	400	
	21	80062	1	400	
	22	80062	1	50	
	23	30669	1	7	
}
Group	Metin
{
	Mob	8053
	Type	drop
	1	71084	25	400	
	2	80025	1	10	
	3	80064	1	70	
	4	72065	1	40	
	5	72066	1	2	
	6	7000500	1	400	
	7	7004300	1	400	
	8	71302	1	100	
	9	30270	8	100	
	10	80025	2	400	
	11	30520	1	4	
	12	30508	1	4	
	13	30502	1	4	
	14	30514	1	4	
	15	50300	1	400	
	16	50513	1	20	
	17	77904	1	400	
	18	30099	1	400	
	19	30100	1	400	
	20	49991	1	400	
	21	80062	1	400	
	22	80062	1	50	
	23	30669	1	7	
}
Group	Metin
{
	Mob	8054
	Type	drop
	1	71084	25	400	
	2	80025	1	10	
	3	80064	1	70	
	4	72065	1	40	
	5	72066	1	2	
	6	7000500	1	400	
	7	7004300	1	400	
	8	71302	1	100	
	9	30270	8	100	
	10	80025	2	400	
	11	30503	1	4	
	12	30509	1	4	
	13	30515	1	4	
	14	30521	1	4	
	15	50300	1	400	
	16	50513	1	20	
	17	77904	1	400	
	18	30099	1	400	
	19	30100	1	400	
	20	49991	1	400	
	22	80062	1	400	
	23	80062	1	50	
	24	30669	1	7	
}
Group	Metin
{
	Mob	8055
	Type	drop
	1	71084	25	400	
	2	80025	1	10	
	3	80064	1	70	
	4	72065	1	40	
	5	72066	1	2	
	6	7000500	1	400	
	7	7004300	1	400	
	8	71302	1	100	
	9	30270	8	100	
	10	80025	2	400	
	11	30516	1	4	
	12	30509	1	4	
	13	30510	1	4	
	14	30504	1	4	
	15	30517	1	4	
	16	50300	1	400	
	17	50513	1	20	
	18	77904	1	400	
	19	30099	1	400	
	20	30100	1	400	
	21	49991	1	400	
	22	80062	1	400	
	23	80062	1	50	
	24	30669	1	7	
}
Group	Metin
{
	Mob	8056
	Type	drop
	1	71084	25	400	
	2	80025	1	10	
	3	80064	1	70	
	4	72065	1	40	
	5	72066	1	2	
	6	7000500	1	400	
	7	7004300	1	400	
	8	71302	1	100	
	9	30270	8	100	
	10	80025	2	400	
	11	30519	1	4	
	12	30501	1	4	
	13	30507	1	4	
	14	30513	1	4	
	15	30505	1	4	
	16	30511	1	4	
	17	50300	1	400	
	18	50513	1	20	
	19	77904	1	400	
	20	30099	1	400	
	21	30100	1	400	
	22	49991	1	400	
	23	80062	1	400	
	24	80062	1	50	
	25	30669	1	7	
}
Group	Metin
{
	Mob	8059
	Type	drop
	1	71084	25	400	
	2	80025	1	10	
	3	80064	1	70	
	4	72065	1	40	
	5	72066	1	2	
	6	7000500	1	400	
	7	7004300	1	400	
	8	71302	1	100	
	9	30270	8	100	
	10	30270	4	30	
	11	80025	2	400	
	12	30626	1	4	
	13	30629	1	4	
	14	50300	1	400	
	15	50513	1	20	
	16	77904	1	400	
	17	30099	1	400	
	18	30100	1	400	
	19	49992	1	400	
	20	80062	1	400	
	21	80062	1	50	
	22	30669	1	7	
	23	31123	1	20	
}
Group	Metin
{
	Mob	8061
	Type	drop
	1	71084	25	400	
	2	80025	1	10	
	3	80064	1	70	
	4	72065	1	40	
	5	72066	1	2	
	6	7000500	1	400	
	7	7004300	1	400	
	8	71302	1	100	
	9	30270	8	100	
	10	30270	4	30	
	11	80025	2	400	
	12	30604	1	7	
	13	30629	1	4	
	14	50300	1	400	
	15	50513	1	20	
	16	77904	1	400	
	17	30099	1	400	
	18	30100	1	400	
	19	49992	1	400	
	20	80062	1	400	
	21	80062	1	50	
	22	30669	1	7	
	23	31122	1	20	
}
Group	Metin
{
	Mob	8067
	Type	drop
	1	30669	1	5
	2	30670	1	5
	3	30671	50	10
	4	49992	3	10
	5	80063	2	10
	6	30100	20	10
	7	30098	10	10
	8	30099	10	10
	9	30627	1	5
	10	80025	5	10
	11	30270	1	5
	12	71302	5	10
	13	72066	1	5
	14	72067	1	5
	15	80064	3	10
	16	80025	5	10
	17	71084	50	50
	18	81000	1	5
	19	81250	1	5
	20	81550	1	5
	21	81300	1	5
	22	31216	2	10
	23	31224	2	10
	24	31237	1	5
	25	50663	1	5
	26	31239	1	5
	27	31241	50	10
	28	31233	2	10
	29	31234	2	10
	30	31257	1	5
	31	31258	1	5
	32	31240	1	5
	33	31235	1	5
	34	31236	1	5
	35	49992	1	5
	36	50664	1	5
}
Group	Metin
{
	Mob	8068
	Type	drop
	1	30669	1	5
	2	30670	1	5
	3	30671	50	10
	4	49992	3	10
	5	80063	2	10
	6	30100	20	10
	7	30098	10	10
	8	30099	10	10
	9	30627	1	5
	10	80025	5	10
	11	30270	1	5
	12	71302	5	10
	13	72066	1	5
	14	72067	1	5
	15	80064	3	10
	16	80025	5	10
	17	71084	50	50
	18	81000	1	5
	19	81250	1	5
	20	81550	1	5
	21	81300	1	5
	22	31216	2	10
	23	31224	2	10
	24	31237	1	5
	25	50663	1	5
	26	31239	1	5
	27	31241	50	10
	28	31233	2	10
	29	31234	2	10
	30	31257	1	5
	31	31258	1	5
	32	31240	1	5
	33	31235	1	5
	34	31236	1	5
	35	49992	1	5
	36	50664	1	5
}
Group	Metin
{
	Mob	8069
	Type	drop
	1	30669	1	5
	2	30670	1	5
	3	30671	50	10
	4	49992	3	10
	5	80063	2	10
	6	30100	20	10
	7	30098	10	10
	8	30099	10	10
	9	30627	1	5
	10	80025	5	10
	11	30270	1	5
	12	71302	5	10
	13	72066	1	5
	14	72067	1	5
	15	80064	3	10
	16	80025	5	10
	17	71084	50	50
	18	81000	1	5
	19	81250	1	5
	20	81550	1	5
	21	81300	1	5
	22	31216	2	10
	23	31224	2	10
	24	31237	1	5
	25	50663	1	5
	26	31239	1	5
	27	31241	50	10
	28	31233	2	10
	29	31234	2	10
	30	31257	1	5
	31	31258	1	5
	32	31240	1	5
	33	31235	1	5
	34	31236	1	5
	35	49992	1	5
	36	50664	1	5
}
Group	Metin
{
	Mob	8070
	Type	drop
	1	30669	1	5
	2	30670	1	5
	3	30671	50	10
	4	49992	3	10
	5	80063	2	10
	6	30100	20	10
	7	30098	10	10
	8	30099	10	10
	9	30627	1	5
	10	80025	5	10
	11	30270	1	5
	12	71302	5	10
	13	72066	1	5
	14	72067	1	5
	15	80064	3	10
	16	80025	5	10
	17	71084	50	50
	18	81000	1	5
	19	81250	1	5
	20	81550	1	5
	21	81300	1	5
	22	31216	2	10
	23	31224	2	10
	24	31237	1	5
	25	50663	1	5
	26	31239	1	5
	27	31241	50	10
	28	31233	2	10
	29	31234	2	10
	30	31257	1	5
	31	31258	1	5
	32	31240	1	5
	33	31235	1	5
	34	31236	1	5
	35	49992	1	5
	36	50664	1	5
}
Group	Metin
{
	Mob	8071
	Type	drop
	1	30669	1	5
	2	30670	1	5
	3	30671	50	10
	4	49992	3	10
	5	80063	2	10
	6	30100	20	10
	7	30098	10	10
	8	30099	10	10
	9	30627	1	5
	10	80025	5	10
	11	30270	1	5
	12	71302	5	10
	13	72066	1	5
	14	72067	1	5
	15	80064	3	10
	16	80025	5	10
	17	71084	50	50
	18	81000	1	5
	19	81250	1	5
	20	81550	1	5
	21	81300	1	5
	22	31216	2	10
	23	31224	2	10
	24	31237	1	5
	25	50663	1	5
	26	31239	1	5
	27	31241	50	10
	28	31233	2	10
	29	31234	2	10
	30	31257	1	5
	31	31258	1	5
	32	31240	1	5
	33	31235	1	5
	34	31236	1	5
	35	49992	1	5
	36	50664	1	5
}
Group	Metin
{
	Mob	8075
	Type	drop
	1	30669	1	5
	2	30670	1	5
	3	30671	50	10
	4	49992	3	10
	5	80063	2	10
	6	30100	20	10
	7	30098	10	10
	8	30099	10	10
	9	30627	1	5
	10	80025	5	10
	11	30270	1	5
	12	71302	5	10
	13	72066	1	5
	14	72067	1	5
	15	80064	3	10
	16	80025	5	10
	17	71084	50	50
	18	81000	1	5
	19	81250	1	5
	20	81550	1	5
	21	81300	1	5
	22	31216	2	10
	23	31224	2	10
	24	31237	1	5
	25	50663	1	5
	26	31239	1	5
	27	31241	50	10
	28	31233	2	10
	29	31234	2	10
	30	31257	1	5
	31	31258	1	5
	32	31240	1	5
	33	31235	1	5
	34	31236	1	5
	35	49992	1	5
	36	50664	1	5
}
Group	Metin
{
	Mob	8076
	Type	drop
	1	30669	1	5
	2	30670	1	5
	3	30671	50	10
	4	49992	3	10
	5	80063	2	10
	6	30100	20	10
	7	30098	10	10
	8	30099	10	10
	9	30627	1	5
	10	80025	5	10
	11	30270	1	5
	12	71302	5	10
	13	72066	1	5
	14	72067	1	5
	15	80064	3	10
	16	80025	5	10
	17	71084	50	50
	18	81000	1	5
	19	81250	1	5
	20	81550	1	5
	21	81300	1	5
	22	31216	2	10
	23	31224	2	10
	24	31237	1	5
	25	50663	1	5
	26	31239	1	5
	27	31241	50	10
	28	31233	2	10
	29	31234	2	10
	30	31257	1	5
	31	31258	1	5
	32	31240	1	5
	33	31235	1	5
	34	31236	1	5
	35	49992	1	5
	36	50664	1	5
}
Group	Metin
{
	Mob	8062
	Type	drop
	1	30669	1	5
	2	30670	1	5
	3	30671	50	10
	4	49992	3	10
	5	80063	2	10
	6	30100	20	10
	7	30098	10	10
	8	30099	10	10
	9	30627	1	5
	10	80025	5	10
	11	30270	1	5
	12	71302	5	10
	13	72066	1	5
	14	72067	1	5
	15	80064	3	10
	16	80025	5	10
	17	71084	50	50
	18	81000	1	5
	19	81250	1	5
	20	81550	1	5
	21	81300	1	5
	22	31216	2	10
	23	31224	2	10
	24	31237	1	5
	25	50663	1	5
	26	31239	1	5
	27	31241	50	10
	28	31233	2	10
	29	31234	2	10
	30	31257	1	5
	31	31258	1	5
	32	31240	1	5
	33	31235	1	5
	34	31236	1	5
	35	49992	1	5
	36	50664	1	5
}
Group	Metin
{
	Mob	8625
	Type	drop
	1	30669	1	5
	2	30670	1	5
	3	30671	50	10
	4	49992	3	10
	5	80063	2	10
	6	30100	20	10
	7	30098	10	10
	8	30099	10	10
	9	30627	1	5
	10	80025	5	10
	11	30270	1	5
	12	71302	5	10
	13	72066	1	5
	14	72067	1	5
	15	80064	3	10
	16	80025	5	10
	17	71084	50	50
	18	81000	1	5
	19	81250	1	5
	20	81550	1	5
	21	81300	1	5
	22	31216	2	10
	23	31224	2	10
	24	31237	1	5
	25	50663	1	5
	26	31239	1	5
	27	31241	50	10
	28	31233	2	10
	29	31234	2	10
	30	31257	1	5
	31	31258	1	5
	32	31240	1	5
	33	31235	1	5
	34	31236	1	5
	35	49992	1	5
	36	50664	1	5
}
Group	Metin
{
	Mob	8626
	Type	drop
	1	30669	1	5
	2	30670	1	5
	3	30671	5	1
	4	49992	3	1
	5	80063	2	5
	6	30100	20	2
	7	30098	10	2
	8	30099	10	2
	9	30627	1	3
	10	80025	5	4
	11	30270	1	4
	12	71302	5	5
	13	72066	1	5
	14	72067	1	5
	15	80064	3	3
	16	80025	5	3
	17	71084	1	5
	18	81000	1	5
	19	81250	1	5
	20	81550	1	5
	21	81300	1	5
	22	31216	2	5
	23	31224	2	5
	24	31237	1	5
	25	50663	1	5
	26	31239	1	5
	27	31241	5	1
	28	31233	2	5
	29	31234	2	5
	30	31257	1	5
	31	31258	1	5
	32	30661	5	1
	33	30656	1	5
	34	30659	1	5
	35	31240	1	5
	36	31235	1	5
	37	31236	1	5
	38	49992	5	5
	39	30658	1	5
	40	30664	1	5
	41	30660	1	5
	42	30657	1	5
	43	50664	1	5
}
Group	Metin
{
	Mob	8063
	Type	drop
	1	30669	1	5
	2	30670	1	5
	3	30671	5	1
	4	49992	3	1
	5	80063	2	5
	6	30100	20	2
	7	30098	10	2
	8	30099	10	2
	9	30627	1	3
	10	80025	5	4
	11	30270	1	4
	12	71302	5	5
	13	72066	1	5
	14	72067	1	5
	15	80064	3	3
	16	80025	5	3
	17	71084	1	5
	18	81000	1	5
	19	81250	1	5
	20	81550	1	5
	21	81300	1	5
	22	31216	2	5
	23	31224	2	5
	24	31237	1	5
	25	50663	1	5
	26	31239	1	5
	27	31241	5	1
	28	31233	2	5
	29	31234	2	5
	30	31257	1	5
	31	31258	1	5
	32	30661	5	1
	33	30656	1	5
	34	30659	1	5
	35	31240	1	5
	36	31235	1	5
	37	31236	1	5
	38	49992	5	5
	39	30658	1	5
	40	30664	1	5
	41	30660	1	5
	42	30657	1	5
	43	50664	1	5
}
Group	Metin
{
	Mob	8627
	Type	drop
	1	71084	25	5
	2	80025	1	5
	3	80064	1	5
	4	72065	1	5
	5	72066	1	5
	6	7000500	1	5
	7	7004300	1	5
	8	71302	1	5
	9	30270	8	5
	10	30270	4	5
	11	80025	2	5
	12	30604	1	5
	13	30629	1	5
	14	50300	1	5
	15	50513	1	5
	16	77904	1	5
	17	30099	1	5
	18	30100	1	5
	19	49992	1	5
	20	80062	1	5
	21	80062	1	5
	22	30669	1	5
	23	31122	1	5
}
Group	DropItemMejora
{
	Mob	106
	Type	drop
	1	30070	1	10	
}
Group	DropItemMejora
{
	Mob	110
	Type	drop
	1	30053	1	10	
	2	30010	1	10	
}
Group	DropItemMejora
{
	Mob	112
	Type	drop
	1	30053	1	10	
}
Group	DropItemMejora
{
	Mob	113
	Type	drop
	1	30072	1	10	
}
Group	DropItemMejora
{
	Mob	114
	Type	drop
	1	30038	1	10	
}
Group	DropItemMejora
{
	Mob	141
	Type	drop
	1	30053	1	10	
}
Group	DropItemMejora
{
	Mob	143
	Type	drop
	1	30038	1	10	
}
Group	DropItemMejora
{
	Mob	182
	Type	drop
	1	30053	1	10	
	2	30071	1	10	
}
Group	DropItemMejora
{
	Mob	604
	Type	drop
	1	30076	1	3	
}
Group	DropItemMejora
{
	Mob	633
	Type	drop
	1	30076	1	3	
}
Group	DropItemMejora
{
	Mob	183
	Type	drop
	1	30072	1	10	
}
Group	DropItemMejora
{
	Mob	139
	Type	drop
	1	30010	1	10	
}
Group	DropItemMejora
{
	Mob	180
	Type	drop
	1	30010	1	10	
}
Group	DropItemMejora
{
	Mob	140
	Type	drop
	1	30071	1	10	
}
Group	DropItemMejora
{
	Mob	181
	Type	drop
	1	30071	1	10	
}
Group	DropItemMejora
{
	Mob	111
	Type	drop
	1	30071	1	10	
}
Group	DropItemMejora
{
	Mob	352
	Type	drop
	1	30035	1	10	
}
Group	DropItemMejora
{
	Mob	301
	Type	drop
	1	30011	1	10	
}
Group	DropItemMejora
{
	Mob	1001
	Type	drop
	1	30015	1	2	
	2	30016	1	2	
}
Group	DropItemMejora
{
	Mob	1002
	Type	drop
	1	30015	1	2	
	2	30087	1	2	
}
Group	DropItemMejora
{
	Mob	1003
	Type	drop
	1	30015	1	2	
	2	30016	1	2	
	3	30087	1	2	
}
Group	DropItemMejora
{
	Mob	1004
	Type	drop
	1	30086	1	10	
}
Group	DropItemMejora
{
	Mob	1035
	Type	drop
	1	30086	1	10	
}
Group	DropItemMejora
{
	Mob	1132
	Type	drop
	1	30049	1	3	
}
Group	DropItemMejora
{
	Mob	1102
	Type	drop
	1	30049	1	4	
}
Group	DropItemMejora
{
	Mob	1107
	Type	drop
	1	30050	1	8	
}
Group	DropItemMejora
{
	Mob	1137
	Type	drop
	1	30050	1	3	
	2	30198	1	5	
}
Group	DropItemMejora
{
	Mob	1106
	Type	drop
	1	30090	1	5	
}
Group	DropItemMejora
{
	Mob	1136
	Type	drop
	1	30090	1	5	
	2	30014	1	5	
}
Group	DropItemMejora
{
	Mob	1171
	Type	drop
	1	30048	1	5	
}
Group	DropItemMejora
{
	Mob	1131
	Type	drop
	1	30048	1	3	
	2	30198	1	3	
}
Group	DropItemMejora
{
	Mob	1132
	Type	drop
	1	30048	1	3	
}
Group	DropItemMejora
{
	Mob	1101
	Type	drop
	1	30048	1	6	
}
Group	DropItemMejora
{
	Mob	1133
	Type	drop
	1	30088	1	5	
	2	30198	1	3	
}
Group	DropItemMejora
{
	Mob	1103
	Type	drop
	1	30088	1	8	
}
Group	DropItemMejora
{
	Mob	701
	Type	drop
	1	30008	1	2	
	2	30051	1	5	
	3	30079	1	7	
}
Group	DropItemMejora
{
	Mob	702
	Type	drop
	1	30008	1	2	
	2	30008	1	1	
}
Group	DropItemMejora
{
	Mob	707
	Type	drop
	1	30008	1	3	
}
Group	DropItemMejora
{
	Mob	2201
	Type	drop
	1	30042	1	5	
}
Group	DropItemMejora
{
	Mob	2203
	Type	drop
	1	30019	1	4	
}
Group	DropItemMejora
{
	Mob	702
	Type	drop
	1	30078	1	3	
}
Group	DropItemMejora
{
	Mob	706
	Type	drop
	1	30047	1	9	
	2	30078	1	3	
}
Group	DropItemMejora
{
	Mob	735
	Type	drop
	1	30080	1	4	
}
Group	DropItemMejora
{
	Mob	773
	Type	drop
	1	30080	1	4	
	2	30079	1	7	
}
Group	DropItemMejora
{
	Mob	777
	Type	drop
	1	30080	1	4	
}
Group	DropItemMejora
{
	Mob	776
	Type	drop
	1	30080	1	4	
}
Group	DropItemMejora
{
	Mob	775
	Type	drop
	1	30047	1	8	
}
Group	DropItemMejora
{
	Mob	1302
	Type	drop
	1	30061	1	5	
}
Group	DropItemMejora
{
	Mob	1332
	Type	drop
	1	30061	1	5	
}
Group	DropItemMejora
{
	Mob	1301
	Type	drop
	1	30060	1	4	
	2	30040	1	3	
}
Group	DropItemMejora
{
	Mob	1303
	Type	drop
	1	30060	1	3	
	2	30040	1	3	
}
Group	DropItemMejora
{
	Mob	1063
	Type	drop
	1	30193	1	3	
}
Group	DropItemMejora
{
	Mob	1062
	Type	drop
	1	30193	1	1	
}
Group	DropItemMejora
{
	Mob	1064
	Type	drop
	1	30193	1	3	
}
Group	DropItemMejora
{
	Mob	1061
	Type	drop
	1	30193	1	1	
}
Group	DropItemMejora
{
	Mob	2205
	Type	drop
	1	30091	1	6	
}
Group	DropItemMejora
{
	Mob	631
	Type	drop
	1	30007	1	5	
}
Group	DropItemMejora
{
	Mob	651
	Type	drop
	1	30007	1	5	
}
Group	DropItemMejora
{
	Mob	657
	Type	drop
	1	30077	1	4	
}
Group	DropItemMejora
{
	Mob	637
	Type	drop
	1	30077	1	4	
}
Group	DropItemMejora
{
	Mob	656
	Type	drop
	1	30006	1	4	
}
Group	DropItemMejora
{
	Mob	636
	Type	drop
	1	30006	1	4	
}
Group	DropItemMejora
{
	Mob	436
	Type	drop
	1	30030	1	12	
}
Group	DropItemMejora
{
	Mob	456
	Type	drop
	1	30030	1	12	
}
Group	DropItemMejora
{
	Mob	434
	Type	drop
	1	30030	1	10	
	2	30021	1	2	
}
Group	DropItemMejora
{
	Mob	391
	Type	drop
	1	30018	1	10	
}
Group	DropItemMejora
{
	Mob	303
	Type	drop
	1	30018	1	5	
	2	30017	1	10	
}
Group	DropItemMejora
{
	Mob	2105
	Type	drop
	1	30081	1	7	
	2	30055	1	4	
}
Group	DropItemMejora
{
	Mob	2106
	Type	drop
	1	30022	1	4	
}
Group	DropItemMejora
{
	Mob	2107
	Type	drop
	1	30067	1	3	
	2	30082	1	2	
}
Group	DropItemMejora
{
	Mob	2133
	Type	drop
	1	30022	1	4	
}
Group	DropItemMejora
{
	Mob	302
	Type	drop
	1	30031	1	10	
}
Group	DropItemMejora
{
	Mob	402
	Type	drop
	1	30032	1	5	
	2	30074	1	10	
}
Group	DropItemMejora
{
	Mob	432
	Type	drop
	1	30032	1	10	
}
Group	DropItemMejora
{
	Mob	502
	Type	drop
	1	30041	1	5	
}
Group	DropItemMejora
{
	Mob	552
	Type	drop
	1	30041	1	10	
}
Group	DropItemMejora
{
	Mob	503
	Type	drop
	1	30075	1	5	
	2	30052	1	5	
}
Group	DropItemMejora
{
	Mob	553
	Type	drop
	1	30052	1	3	
}
Group	DropItemMejora
{
	Mob	2131
	Type	drop
	1	30045	1	5	
}
Group	DropItemMejora
{
	Mob	2104
	Type	drop
	1	30045	1	3	
	1	30081	1	3	
}
Group	DropItemMejora
{
	Mob	2132
	Type	drop
	1	30055	1	4	
	1	30081	1	5	
}
Group	DropItemMejora
{
	Mob	2103
	Type	drop
	1	30046	1	5	
	2	30081	1	4	
}
Group	DropItemMejora
{
	Mob	2054
	Type	drop
	1	30058	1	10	
}
Group	DropItemMejora
{
	Mob	2053
	Type	drop
	1	30025	1	5	
}
Group	DropItemMejora
{
	Mob	2003
	Type	drop
	1	30025	1	5	
}
Group	DropItemMejora
{
	Mob	2004
	Type	drop
	1	30025	1	5	
	1	30059	1	3	
}
Group	DropItemMejora
{
	Mob	2001
	Type	drop
	1	30057	1	5	
}
Group	DropItemMejora
{
	Mob	2051
	Type	drop
	1	30057	1	5	
}
Group	DropItemMejora
{
	Mob	2005
	Type	drop
	1	30059	1	3	
}
Group	DropItemMejora
{
	Mob	2052
	Type	drop
	1	30056	1	5	
}
Group	DropItemMejora
{
	Mob	2002
	Type	drop
	1	30056	1	5	
}
Group	DropItemMejora
{
	Mob	404
	Type	drop
	1	30021	1	5	
	1	30005	1	5	
}
Group	DropItemMejora
{
	Mob	904
	Type	drop
	1	30039	1	2	
}
Group	DropItemMejora
{
	Mob	905
	Type	drop
	1	30085	1	3	
}
Group	DropItemMejora
{
	Mob	435
	Type	drop
	1	30005	1	5	
}
Group	DropItemMejora
{
	Mob	405
	Type	drop
	1	30005	1	5	
}
Group	DropItemMejora
{
	Mob	901
	Type	drop
	1	30009	1	1	
}
Group	DropItemMejora
{
	Mob	902
	Type	drop
	1	30009	1	1	
}
Group	DropItemMejora
{
	Mob	931
	Type	drop
	1	30009	1	1	
}
Group	DropItemMejora
{
	Mob	932
	Type	drop
	1	30009	1	2	
}
Group	DropItemMejora
{
	Mob	933
	Type	drop
	1	30083	1	3	
}
Group	DropItemMejora
{
	Mob	903
	Type	drop
	1	30083	1	4	
}
Group	DropItemMejora
{
	Mob	734
	Type	drop
	1	30079	1	4	
}
Group	DropItemMejora
{
	Mob	792
	Type	drop
	1	30079	1	4	
}
Group	DropItemMejora
{
	Mob	774
	Type	drop
	1	30079	1	4	
}
Group	DropItemMejora
{
	Mob	302
	Type	drop
	1	30034	1	5	
}
Group	DropItemMejora
{
	Mob	332
	Type	drop
	1	30034	1	5	
}
Group	DropItemMejora
{
	Mob	301
	Type	drop
	1	30073	1	10	
}
Group	DropItemMejora
{
	Mob	1104
	Type	drop
	1	30014	1	3	
}
Group	DropItemMejora
{
	Mob	1105
	Type	drop
	1	30014	1	2	
	2	30089	1	3	
}
Group	DropItemMejora
{
	Mob	1134
	Type	drop
	1	30014	1	3	
}
Group	DropItemMejora
{
	Mob	1135
	Type	drop
	1	30014	1	2	
	2	30089	1	4	
}
Group	DropItemMejora
{
	Mob	501
	Type	drop
	1	30033	1	5	
}
Group	DropItemMejora
{
	Mob	2404
	Type	drop
	1	30199	1	1	
	2	30196	1	3	
}
Group	DropItemMejora
{
	Mob	2414
	Type	drop
	1	30199	1	1	
	2	30196	1	3	
}
Group	DropItemMejora
{
	Mob	2413
	Type	drop
	1	30199	1	1	
}
Group	DropItemMejora
{
	Mob	2313
	Type	drop
	1	30197	1	1	
	2	300004	1	1	
}
Group	DropItemMejora
{
	Mob	2311
	Type	drop
	1	30197	1	1	
}
Group	DropItemMejora
{
	Mob	2312
	Type	drop
	1	30197	1	1	
}
Group	DropItemMejora
{
	Mob	1503
	Type	drop
	1	30195	1	5	
}
Group	DropItemMejora
{
	Mob	1502
	Type	drop
	1	30195	1	5	
}
Group	DropItemMejora
{
	Mob	1501
	Type	drop
	1	30195	1	5	
}
Group	DropItemMejora
{
	Mob	2411
	Type	drop
	1	30196	1	1	
	2	300007	1	1	
}
Group	DropItemMejora
{
	Mob	2303
	Type	drop
	1	30192	1	1	
}
Group	DropItemMejora
{
	Mob	2302
	Type	drop
	1	30192	1	1	
}
Group	DropItemMejora
{
	Mob	1601
	Type	drop
	1	30194	1	10	
}
Group	DropItemMejora
{
	Mob	1602
	Type	drop
	1	30194	1	5	
}
Group	DropItemMejora
{
	Mob	2314
	Type	drop
	1	300006	1	1	
}
Group	DropItemMejora
{
	Mob	1603
	Type	drop
	1	300005	1	25	
}
Group	DropCapeGeneralKappa
{
	Mob	3490
	Type	drop
	1	30513	1	50	
	2	30514	1	50	
	3	30511	1	50	
	4	30517	1	50	
	5	30510	1	50	
	6	30516	1	50	
	7	30518	1	50	
	8	30520	1	50	
	9	30522	1	50	
	10	30519	1	50	
	11	30521	1	50	
	12	30506	1	50	
	13	30500	1	50	
	14	30503	1	50	
	15	30504	1	50	
	16	30501	1	50	
	17	30507	1	50	
	18	30508	1	50	
	19	30502	1	50	
	20	30505	1	50	
	21	30509	1	50	
	22	30512	1	50	
	23	30515	1	50	
	24	30523	1	50	
	25	71084	100	100	
	26	80064	2	100	
	27	27992	1	30	
	28	27993	1	10	
	29	27994	1	5	
	30	55036	1	1	
	31	39072	2	100	
	32	77910	1	75	
	33	100300	1	100	
	34	80019	1	100	
	35	55001	1	1	
	36	7004300	5	400	
	37	7000500	5	400	
	38	49993	1	400	
	39	80063	8	400	
	40	30671	1	10	
}
Group	DropCapeTriton
{
	Mob	3491
	Type	drop
	1	30513	1	50	
	2	30514	1	50	
	3	30511	1	50	
	4	30517	1	50	
	5	30510	1	50	
	6	30516	1	50	
	7	30518	1	50	
	8	30520	1	50	
	9	30522	1	50	
	10	30519	1	50	
	11	30521	1	50	
	12	30506	1	50	
	13	30500	1	50	
	14	30503	1	50	
	15	30504	1	50	
	16	30501	1	50	
	17	30507	1	50	
	18	30508	1	50	
	19	30502	1	50	
	20	30505	1	50	
	21	30509	1	50	
	22	30512	1	50	
	23	30515	1	50	
	24	30523	1	50	
	25	71084	100	100	
	26	80064	2	100	
	27	27992	1	30	
	28	27993	1	10	
	29	27994	1	5	
	30	55036	1	1	
	31	39072	2	100	
	32	77910	1	75	
	33	100300	1	100	
	34	80019	1	100	
	35	55001	1	1	
	36	7004300	5	400	
	37	7000500	5	400	
	38	49993	1	400	
	39	80063	10	400	
	40	30671	1	20	
}
Group	DropCapecaradehueso
{
	Mob	3590
	Type	drop
	1	30513	1	50	
	2	30514	1	50	
	3	30511	1	50	
	4	30517	1	50	
	5	30510	1	50	
	6	30516	1	50	
	7	30518	1	50	
	8	30520	1	50	
	9	30522	1	50	
	10	30519	1	50	
	11	30521	1	50	
	12	30506	1	50	
	13	30500	1	50	
	14	30503	1	50	
	15	30504	1	50	
	16	30501	1	50	
	17	30507	1	50	
	18	30508	1	50	
	19	30502	1	50	
	20	30505	1	50	
	21	30509	1	50	
	22	30512	1	50	
	23	30515	1	50	
	24	30523	1	50	
	25	71084	100	100	
	26	80064	2	100	
	27	27992	1	30	
	28	27993	1	10	
	29	27994	1	5	
	30	55036	1	1	
	31	39072	2	100	
	32	77910	1	75	
	33	100300	1	100	
	34	80019	1	100	
	35	55001	1	1	
	36	7004300	5	400	
	37	7000500	5	400	
	38	49993	1	400	
	39	80063	8	400	
	40	30671	1	10	
}
Group	DropCapecaradehuesobrutal
{
	Mob	3595
	Type	drop
	1	30513	1	50	
	2	30514	1	50	
	3	30511	1	50	
	4	30517	1	50	
	5	30510	1	50	
	6	30516	1	50	
	7	30518	1	50	
	8	30520	1	50	
	9	30522	1	50	
	10	30519	1	50	
	11	30521	1	50	
	12	30506	1	50	
	13	30500	1	50	
	14	30503	1	50	
	15	30504	1	50	
	16	30501	1	50	
	17	30507	1	50	
	18	30508	1	50	
	19	30502	1	50	
	20	30505	1	50	
	21	30509	1	50	
	22	30512	1	50	
	23	30515	1	50	
	24	30523	1	50	
	25	71084	100	100	
	26	80064	2	100	
	27	27992	1	30	
	28	27993	1	10	
	29	27994	1	5	
	30	55036	1	1	
	31	39072	2	100	
	32	77910	1	75	
	33	100300	1	100	
	34	80019	1	100	
	35	55001	1	1	
	36	7004300	5	400	
	37	7000500	5	400	
	38	49993	1	400	
	39	80063	10	400	
	40	30671	1	10	
}
Group	DropCapegeneralrojo
{
	Mob	3591
	Type	drop
	1	30513	1	50	
	2	30514	1	50	
	3	30511	1	50	
	4	30517	1	50	
	5	30510	1	50	
	6	30516	1	50	
	7	30518	1	50	
	8	30520	1	50	
	9	30522	1	50	
	10	30519	1	50	
	11	30521	1	50	
	12	30506	1	50	
	13	30500	1	50	
	14	30503	1	50	
	15	30504	1	50	
	16	30501	1	50	
	17	30507	1	50	
	18	30508	1	50	
	19	30502	1	50	
	20	30505	1	50	
	21	30509	1	50	
	22	30512	1	50	
	23	30515	1	50	
	24	30523	1	50	
	25	71084	100	100	
	26	80064	2	100	
	27	27992	1	30	
	28	27993	1	10	
	29	27994	1	5	
	30	55036	1	1	
	31	39072	2	100	
	32	77910	1	75	
	33	100300	1	100	
	34	80019	1	100	
	35	55001	1	1	
	36	7004300	5	400	
	37	7000500	5	400	
	38	49993	1	400	
	39	80063	10	400	
	40	30671	1	20	
}
Group	DropCapegeneralrojobrutal
{
	Mob	3596
	Type	drop
	1	30513	1	50	
	2	30514	1	50	
	3	30511	1	50	
	4	30517	1	50	
	5	30510	1	50	
	6	30516	1	50	
	7	30518	1	50	
	8	30520	1	50	
	9	30522	1	50	
	10	30519	1	50	
	11	30521	1	50	
	12	30506	1	50	
	13	30500	1	50	
	14	30503	1	50	
	15	30504	1	50	
	16	30501	1	50	
	17	30507	1	50	
	18	30508	1	50	
	19	30502	1	50	
	20	30505	1	50	
	21	30509	1	50	
	22	30512	1	50	
	23	30515	1	50	
	24	30523	1	50	
	25	71084	100	100	
	26	80064	2	100	
	27	27992	1	30	
	28	27993	1	10	
	29	27994	1	5	
	30	55036	1	1	
	31	39072	2	100	
	32	77910	1	75	
	33	100300	1	100	
	34	80019	1	100	
	35	55001	1	1	
	36	7004300	5	400	
	37	7000500	5	400	
	38	49993	1	400	
	39	80063	10	400	
	40	30671	1	10	
}
Group	DropCapegenerallangosta
{
	Mob	3690
	Type	drop
	1	30513	1	50	
	2	30514	1	50	
	3	30511	1	50	
	4	30517	1	50	
	5	30510	1	50	
	6	30516	1	50	
	7	30518	1	50	
	8	30520	1	50	
	9	30522	1	50	
	10	30519	1	50	
	11	30521	1	50	
	12	30506	1	50	
	13	30500	1	50	
	14	30503	1	50	
	15	30504	1	50	
	16	30501	1	50	
	17	30507	1	50	
	18	30508	1	50	
	19	30502	1	50	
	20	30505	1	50	
	21	30509	1	50	
	22	30512	1	50	
	23	30515	1	50	
	24	30523	1	50	
	25	71084	100	100	
	26	80064	2	100	
	27	27992	1	30	
	28	27993	1	10	
	29	27994	1	5	
	30	55036	1	1	
	31	39072	2	100	
	32	77910	1	75	
	33	100300	1	100	
	34	80019	1	100	
	35	55001	1	1	
	36	7004300	5	400	
	37	7000500	5	400	
	38	49993	1	400	
	39	80063	8	400	
	40	30671	1	10	
}
Group	DropCapecangrejorey
{
	Mob	3691
	Type	drop
	1	30513	1	50	
	2	30514	1	50	
	3	30511	1	50	
	4	30517	1	50	
	5	30510	1	50	
	6	30516	1	50	
	7	30518	1	50	
	8	30520	1	50	
	9	30522	1	50	
	10	30519	1	50	
	11	30521	1	50	
	12	30506	1	50	
	13	30500	1	50	
	14	30503	1	50	
	15	30504	1	50	
	16	30501	1	50	
	17	30507	1	50	
	18	30508	1	50	
	19	30502	1	50	
	20	30505	1	50	
	21	30509	1	50	
	22	30512	1	50	
	23	30515	1	50	
	24	30523	1	50	
	25	71084	100	100	
	26	80064	2	100	
	27	27992	1	30	
	28	27993	1	10	
	29	27994	1	5	
	30	55036	1	1	
	31	39072	2	100	
	32	77910	1	75	
	33	100300	1	100	
	34	80019	1	100	
	35	55001	1	1	
	36	7004300	5	400	
	37	7000500	5	400	
	38	49993	1	400	
	39	80063	10	400	
	40	30671	1	20	
}
Group	DropCapecangrejorey
{
	Mob	3790
	Type	drop
	1	30513	1	50	
	2	30514	1	50	
	3	30511	1	50	
	4	30517	1	50	
	5	30510	1	50	
	6	30516	1	50	
	7	30518	1	50	
	8	30520	1	50	
	9	30522	1	50	
	10	30519	1	50	
	11	30521	1	50	
	12	30506	1	50	
	13	30500	1	50	
	14	30503	1	50	
	15	30504	1	50	
	16	30501	1	50	
	17	30507	1	50	
	18	30508	1	50	
	19	30502	1	50	
	20	30505	1	50	
	21	30509	1	50	
	22	30512	1	50	
	23	30515	1	50	
	24	30523	1	50	
	25	71084	100	100	
	26	80064	2	100	
	27	27992	1	30	
	28	27993	1	10	
	29	27994	1	5	
	30	55036	1	1	
	31	39072	2	100	
	32	77910	1	75	
	33	100300	1	100	
	34	80019	1	100	
	35	55001	1	1	
	36	7004300	5	400	
	37	7000500	5	400	
	38	49993	1	400	
	39	80063	8	400	
	40	30671	1	10	
}
Group	DropCapecangrejorey
{
	Mob	3791
	Type	drop
	1	30513	1	50	
	2	30514	1	50	
	3	30511	1	50	
	4	30517	1	50	
	5	30510	1	50	
	6	30516	1	50	
	7	30518	1	50	
	8	30520	1	50	
	9	30522	1	50	
	10	30519	1	50	
	11	30521	1	50	
	12	30506	1	50	
	13	30500	1	50	
	14	30503	1	50	
	15	30504	1	50	
	16	30501	1	50	
	17	30507	1	50	
	18	30508	1	50	
	19	30502	1	50	
	20	30505	1	50	
	21	30509	1	50	
	22	30512	1	50	
	23	30515	1	50	
	24	30523	1	50	
	25	71084	100	100	
	26	80064	2	100	
	27	27992	1	30	
	28	27993	1	10	
	29	27994	1	5	
	30	55036	1	1	
	31	39072	2	100	
	32	77910	1	75	
	33	100300	1	100	
	34	80019	1	100	
	35	55001	1	1	
	36	7004300	5	400	
	37	7000500	5	400	
	38	49993	1	400	
	39	80063	10	400	
	40	30671	1	20	
}
Group	DropCapecapintanshrak
{
	Mob	3890
	Type	drop
	1	30513	1	50	
	2	30514	1	50	
	3	30511	1	50	
	4	30517	1	50	
	5	30510	1	50	
	6	30516	1	50	
	7	30518	1	50	
	8	30520	1	50	
	9	30522	1	50	
	10	30519	1	50	
	11	30521	1	50	
	12	30506	1	50	
	13	30500	1	50	
	14	30503	1	50	
	15	30504	1	50	
	16	30501	1	50	
	17	30507	1	50	
	18	30508	1	50	
	19	30502	1	50	
	20	30505	1	50	
	21	30509	1	50	
	22	30512	1	50	
	23	30515	1	50	
	24	30523	1	50	
	25	71084	100	100	
	26	80064	2	100	
	27	27992	1	30	
	28	27993	1	10	
	29	27994	1	5	
	30	55036	1	1	
	31	39072	2	100	
	32	77910	1	75	
	33	100300	1	100	
	34	80019	1	100	
	35	55001	1	1	
	36	7004300	5	400	
	37	7000500	5	400	
	38	50255	5	100	
	39	49993	1	400	
	40	80063	8	400	
	41	30671	1	10	
}
Group	DropCapecapintanshrak
{
	Mob	3891
	Type	drop
	1	30513	1	50	
	2	30514	1	50	
	3	30511	1	50	
	4	30517	1	50	
	5	30510	1	50	
	6	30516	1	50	
	7	30518	1	50	
	8	30520	1	50	
	9	30522	1	50	
	10	30519	1	50	
	11	30521	1	50	
	12	30506	1	50	
	13	30500	1	50	
	14	30503	1	50	
	15	30504	1	50	
	16	30501	1	50	
	17	30507	1	50	
	18	30508	1	50	
	19	30502	1	50	
	20	30505	1	50	
	21	30509	1	50	
	22	30512	1	50	
	23	30515	1	50	
	24	30523	1	50	
	25	71084	100	100	
	26	80064	2	100	
	27	27992	1	30	
	28	27993	1	10	
	29	27994	1	5	
	30	55036	1	1	
	31	39072	2	100	
	32	77910	1	75	
	33	100300	1	100	
	34	80019	1	100	
	35	55001	1	1	
	36	7004300	5	400	
	37	7000500	5	400	
	38	50255	10	100	
	39	49993	1	400	
	40	80063	10	400	
	41	30671	1	20	
}
Group	DropCapesenorgnoll
{
	Mob	3090
	Type	drop
	1	30513	1	50	
	2	30514	1	50	
	3	30511	1	50	
	4	30517	1	50	
	5	30510	1	50	
	6	30516	1	50	
	7	30518	1	50	
	8	30520	1	50	
	9	30522	1	50	
	10	30519	1	50	
	11	30521	1	50	
	12	30506	1	50	
	13	30500	1	50	
	14	30503	1	50	
	15	30504	1	50	
	16	30501	1	50	
	17	30507	1	50	
	18	30508	1	50	
	19	30502	1	50	
	20	30505	1	50	
	21	30509	1	50	
	22	30512	1	50	
	23	30515	1	50	
	24	30523	1	50	
	25	71084	100	100	
	26	80064	2	100	
	27	27992	1	30	
	28	27993	1	10	
	29	27994	1	5	
	30	55036	1	1	
	31	39072	2	100	
	32	77910	1	75	
	33	100300	1	100	
	34	80019	1	100	
	35	55001	1	1	
	36	7004300	5	400	
	37	7000500	5	400	
	38	50255	5	100	
	39	49993	1	400	
	40	80063	8	400	
	41	30671	1	10	
}
Group	DropCapesenorgnoll
{
	Mob	3091
	Type	drop
	1	30513	1	50	
	2	30514	1	50	
	3	30511	1	50	
	4	30517	1	50	
	5	30510	1	50	
	6	30516	1	50	
	7	30518	1	50	
	8	30520	1	50	
	9	30522	1	50	
	10	30519	1	50	
	11	30521	1	50	
	12	30506	1	50	
	13	30500	1	50	
	14	30503	1	50	
	15	30504	1	50	
	16	30501	1	50	
	17	30507	1	50	
	18	30508	1	50	
	19	30502	1	50	
	20	30505	1	50	
	21	30509	1	50	
	22	30512	1	50	
	23	30515	1	50	
	24	30523	1	50	
	25	71084	100	100	
	26	80064	2	100	
	27	27992	1	30	
	28	27993	1	10	
	29	27994	1	5	
	30	55036	1	1	
	31	39072	2	100	
	32	77910	1	75	
	33	100300	1	100	
	34	80019	1	100	
	35	55001	1	1	
	36	7004300	5	400	
	37	7000500	5	400	
	38	50255	10	100	
	39	49993	1	400	
	40	80063	10	400	
	41	30671	1	20	
}
Group	DropCapeArges
{
	Mob	3190
	Type	drop
	1	30513	1	50	
	2	30514	1	50	
	3	30511	1	50	
	4	30517	1	50	
	5	30510	1	50	
	6	30516	1	50	
	7	30518	1	50	
	8	30520	1	50	
	9	30522	1	50	
	10	30519	1	50	
	11	30521	1	50	
	12	30506	1	50	
	13	30500	1	50	
	14	30503	1	50	
	15	30504	1	50	
	16	30501	1	50	
	17	30507	1	50	
	18	30508	1	50	
	19	30502	1	50	
	20	30505	1	50	
	21	30509	1	50	
	22	30512	1	50	
	23	30515	1	50	
	24	30523	1	50	
	25	71084	100	100	
	26	80064	2	100	
	27	27992	1	30	
	28	27993	1	10	
	29	27994	1	5	
	30	55036	1	1	
	31	39072	2	100	
	32	77910	1	75	
	33	100300	1	100	
	34	80019	1	100	
	35	55001	1	1	
	36	7004300	5	400	
	37	7000500	5	400	
	38	50255	5	100	
	39	49993	1	400	
	40	80063	8	400	
	41	30671	1	10	
}
Group	DropCapePolifemo
{
	Mob	3191
	Type	drop
	1	30513	1	50	
	2	30514	1	50	
	3	30511	1	50	
	4	30517	1	50	
	5	30510	1	50	
	6	30516	1	50	
	7	30518	1	50	
	8	30520	1	50	
	9	30522	1	50	
	10	30519	1	50	
	11	30521	1	50	
	12	30506	1	50	
	13	30500	1	50	
	14	30503	1	50	
	15	30504	1	50	
	16	30501	1	50	
	17	30507	1	50	
	18	30508	1	50	
	19	30502	1	50	
	20	30505	1	50	
	21	30509	1	50	
	22	30512	1	50	
	23	30515	1	50	
	24	30523	1	50	
	25	71084	100	100	
	26	80064	2	100	
	27	27992	1	30	
	28	27993	1	10	
	29	27994	1	5	
	30	55036	1	1	
	31	39072	2	100	
	32	77910	1	75	
	33	100300	1	100	
	34	80019	1	100	
	35	55001	1	1	
	36	7004300	5	400	
	37	7000500	5	400	
	38	50255	10	100	
	39	49993	1	400	
	40	80063	10	400	
	41	30671	1	20	
}
Group	DropCapeRaksasa
{
	Mob	3290
	Type	drop
	1	30513	1	50	
	2	30514	1	50	
	3	30511	1	50	
	4	30517	1	50	
	5	30510	1	50	
	6	30516	1	50	
	7	30518	1	50	
	8	30520	1	50	
	9	30522	1	50	
	10	30519	1	50	
	11	30521	1	50	
	12	30506	1	50	
	13	30500	1	50	
	14	30503	1	50	
	15	30504	1	50	
	16	30501	1	50	
	17	30507	1	50	
	18	30508	1	50	
	19	30502	1	50	
	20	30505	1	50	
	21	30509	1	50	
	22	30512	1	50	
	23	30515	1	50	
	24	30523	1	50	
	25	71084	100	100	
	26	80064	2	100	
	27	27992	1	30	
	28	27993	1	10	
	29	27994	1	5	
	30	55036	1	1	
	31	39072	2	100	
	32	77910	1	75	
	33	100300	1	100	
	34	80019	1	100	
	35	55001	1	1	
	36	7004300	5	400	
	37	7000500	5	400	
	38	50255	5	100	
	39	49993	1	400	
	40	80063	8	400	
	41	30671	1	10	
}
Group	DropCapeMartyaxwar
{
	Mob	3291
	Type	drop
	1	30513	1	50	
	2	30514	1	50	
	3	30511	1	50	
	4	30517	1	50	
	5	30510	1	50	
	6	30516	1	50	
	7	30518	1	50	
	8	30520	1	50	
	9	30522	1	50	
	10	30519	1	50	
	11	30521	1	50	
	12	30506	1	50	
	13	30500	1	50	
	14	30503	1	50	
	15	30504	1	50	
	16	30501	1	50	
	17	30507	1	50	
	18	30508	1	50	
	19	30502	1	50	
	20	30505	1	50	
	21	30509	1	50	
	22	30512	1	50	
	23	30515	1	50	
	24	30523	1	50	
	25	71084	100	100	
	26	80064	2	100	
	27	27992	1	30	
	28	27993	1	10	
	29	27994	1	5	
	30	55036	1	1	
	31	39072	2	100	
	32	77910	1	75	
	33	100300	1	100	
	34	80019	1	100	
	35	55001	1	1	
	36	7004300	5	400	
	37	7000500	5	400	
	38	50255	10	100	
	39	49993	1	400	
	40	80063	10	400	
	41	30671	1	20	
}
Group	DropCapePrincipeLemur
{
	Mob	3390
	Type	drop
	1	30513	1	50	
	2	30514	1	50	
	3	30511	1	50	
	4	30517	1	50	
	5	30510	1	50	
	6	30516	1	50	
	7	30518	1	50	
	8	30520	1	50	
	9	30522	1	50	
	10	30519	1	50	
	11	30521	1	50	
	12	30506	1	50	
	13	30500	1	50	
	14	30503	1	50	
	15	30504	1	50	
	16	30501	1	50	
	17	30507	1	50	
	18	30508	1	50	
	19	30502	1	50	
	20	30505	1	50	
	21	30509	1	50	
	22	30512	1	50	
	23	30515	1	50	
	24	30523	1	50	
	25	71084	100	100	
	26	80064	2	100	
	27	27992	1	30	
	28	27993	1	10	
	29	27994	1	5	
	30	55036	1	1	
	31	39072	2	100	
	32	77910	1	75	
	33	100300	1	100	
	34	80019	1	100	
	35	55001	1	1	
	36	7004300	5	400	
	37	7000500	5	400	
	38	50255	5	100	
	39	49993	1	400	
	40	80063	8	400	
	41	30671	1	10	
}
Group	DropCapeguardaespaldasLemur
{
	Mob	3391
	Type	drop
	1	30513	1	50	
	2	30514	1	50	
	3	30511	1	50	
	4	30517	1	50	
	5	30510	1	50	
	6	30516	1	50	
	7	30518	1	50	
	8	30520	1	50	
	9	30522	1	50	
	10	30519	1	50	
	11	30521	1	50	
	12	30506	1	50	
	13	30500	1	50	
	14	30503	1	50	
	15	30504	1	50	
	16	30501	1	50	
	17	30507	1	50	
	18	30508	1	50	
	19	30502	1	50	
	20	30505	1	50	
	21	30509	1	50	
	22	30512	1	50	
	23	30515	1	50	
	24	30523	1	50	
	25	71084	100	100	
	26	80064	2	100	
	27	27992	1	30	
	28	27993	1	10	
	29	27994	1	5	
	30	55036	1	1	
	31	39072	2	100	
	32	77910	1	75	
	33	100300	1	100	
	34	80019	1	100	
	35	55001	1	1	
	36	7004300	5	400	
	37	7000500	5	400	
	38	50255	10	100	
	39	49993	1	400	
	40	80063	10	400	
	41	30671	1	10	
}
Group	DropCapeReyYabba
{
	Mob	3791
	Type	drop
	1	30513	1	50	
	2	30514	1	50	
	3	30511	1	50	
	4	30517	1	50	
	5	30510	1	50	
	6	30516	1	50	
	7	30518	1	50	
	8	30520	1	50	
	9	30522	1	50	
	10	30519	1	50	
	11	30521	1	50	
	12	30506	1	50	
	13	30500	1	50	
	14	30503	1	50	
	15	30504	1	50	
	16	30501	1	50	
	17	30507	1	50	
	18	30508	1	50	
	19	30502	1	50	
	20	30505	1	50	
	21	30509	1	50	
	22	30512	1	50	
	23	30515	1	50	
	24	30523	1	50	
	25	71084	100	100	
	26	80064	2	100	
	27	27992	1	30	
	28	27993	1	10	
	29	27994	1	5	
	30	55036	1	1	
	31	39072	2	100	
	32	77910	1	75	
	33	100300	1	100	
	34	80019	1	100	
	35	55001	1	1	
	36	7004300	5	400	
	37	7000500	5	400	
	38	50255	10	100	
	39	49993	1	400	
	40	80063	10	400	
	41	30671	1	20	
}
Group	DropSoberanoentai
{
	Mob	6407
	Type	drop
	1	71084	100	100	
	2	80064	2	100	
	3	27992	1	30	
	4	27993	1	10	
	5	27994	1	5	
	6	55036	1	1	
	7	39072	2	100	
	8	77910	1	75	
	9	100300	1	100	
	10	80019	1	100	
	11	55001	1	1	
	12	7004300	5	400	
	13	7000500	5	400	
	14	30605	1	100	
	15	30606	1	100	
	16	30607	1	100	
	17	30608	1	100	
	18	30609	1	100	
	19	49993	1	400	
	20	80063	10	400	
	21	30671	1	20	
}
Group	DropItemMejora
{
	Mob	3502
	Type	drop
	1	30518	1	2	
}
Group	DropItemMejora
{
	Mob	3503
	Type	drop
	1	30500	1	2	
}
Group	DropItemMejora
{
	Mob	3504
	Type	drop
	1	30506	1	2	
}
Group	DropItemMejora
{
	Mob	3505
	Type	drop
	1	30512	1	2	
}
Group	DropItemMejora
{
	Mob	3001
	Type	drop
	1	30513	1	2	
}
Group	DropItemMejora
{
	Mob	3002
	Type	drop
	1	30520	1	2	
}
Group	DropItemMejora
{
	Mob	3004
	Type	drop
	1	30501	1	2	
}
Group	DropItemMejora
{
	Mob	3005
	Type	drop
	1	30507	1	2	
}
Group	DropItemMejora
{
	Mob	3401
	Type	drop
	1	30520	1	2	
}
Group	DropItemMejora
{
	Mob	3403
	Type	drop
	1	30508	1	2	
}
Group	DropItemMejora
{
	Mob	3404
	Type	drop
	1	30502	1	2	
}
Group	DropItemMejora
{
	Mob	3405
	Type	drop
	1	30514	1	2	
}
Group	DropItemMejora
{
	Mob	3551
	Type	drop
	1	30518	1	2	
}
Group	DropItemMejora
{
	Mob	3553
	Type	drop
	1	30500	1	2	
}
Group	DropItemMejora
{
	Mob	3553
	Type	drop
	1	30506	1	2	
}
Group	DropItemMejora
{
	Mob	3554
	Type	drop
	1	30512	1	2	
}
Group	DropItemMejora
{
	Mob	3701
	Type	drop
	1	30503	1	2	
}
Group	DropItemMejora
{
	Mob	3704
	Type	drop
	1	30509	1	2	
}
Group	DropItemMejora
{
	Mob	3705
	Type	drop
	1	30515	1	2	
}
Group	DropItemMejora
{
	Mob	3703
	Type	drop
	1	30521	1	2	
}
Group	DropItemMejora
{
	Mob	3102
	Type	drop
	1	30516	1	2	
}
Group	DropItemMejora
{
	Mob	3103
	Type	drop
	1	30509	1	2	
}
Group	DropItemMejora
{
	Mob	3104
	Type	drop
	1	30510	1	2	
}
Group	DropItemMejora
{
	Mob	3105
	Type	drop
	1	30504	1	2	
}
Group	DropItemMejora
{
	Mob	3303
	Type	drop
	1	30500	1	2	
	2	30518	1	1	
}
Group	DropItemMejora
{
	Mob	3304
	Type	drop
	1	30506	1	2	
}
Group	DropItemMejora
{
	Mob	3305
	Type	drop
	1	30512	1	2	
}

Group	DropItemMejora
{
	Mob	3801
	Type	drop
	1	30519	1	2	
}
Group	DropItemMejora
{
	Mob	3802
	Type	drop
	1	30507	1	2	
}
Group	DropItemMejora
{
	Mob	3803
	Type	drop
	1	30513	1	2	
}
Group	DropItemMejora
{
	Mob	3804
	Type	drop
	1	30505	1	2	
	2	30511	1	2	
}
Group	DropItemMejora
{
	Mob	3805
	Type	drop
	1	30517	1	2	
}
Group	DropItemMejora
{
	Mob	6414
	Type	drop
	1	30625	1	2	
}
Group	DropItemMejora
{
	Mob	6410
	Type	drop
	1	30625	1	1	
	1	30610	1	1	
	2	31149	1	1	
}
Group	DropItemMejora
{
	Mob	6401
	Type	drop
	1	30610	1	1	
}
Group	DropItemMejora
{
	Mob	6402
	Type	drop
	1	30610	1	1	
	2	31149	1	1	
}
Group	DropItemMejora
{
	Mob	6404
	Type	drop
	1	30610	1	1	
}
Group	DropItemMejora
{
	Mob	6411
	Type	drop
	1	30610	1	1	
	2	31149	1	1	
}
Group	WORLDBOSS
{
	Mob	9844
	Type	drop
	1	71084	100	400	
	2	71084	200	400	
	3	71084	300	400	
	4	71084	500	400	
	5	71084	500	400	
	6	39070	5	400	
	7	39070	5	400	
	8	39070	5	400	
	9	100300	2	400	
	10	100300	3	400	
	11	100300	4	400	
	12	55001	1	50	
	13	55001	1	10	
	14	7004300	50	400	
	15	7004300	50	400	
	16	7000500	50	400	
	17	7000500	50	400	
	18	50255	20	400	
	19	50255	20	400	
	20	50255	20	400	
	21	80025	50	400	
	22	80019	5	400	
	23	80019	5	400	
	24	80019	5	400	
	25	80019	5	400	
	26	80019	5	400	
	27	71136	1	1	
	28	76012	5	400	
	29	76012	5	400	
	30	76012	5	400	
	31	80025	20	400	
	32	80025	50	400	
	33	71035	1	50	
	34	71035	1	50	
	35	30250	1	50	
	36	30250	1	50	
	37	72064	2	400	
	38	72064	2	400	
	39	72064	2	400	
	40	77910	1	400	
	41	77910	1	400	
	42	77910	1	400	
	43	77910	1	400	
	44	77910	1	400	
	45	55004	1	400	
	46	55004	1	400	
	47	55004	1	400	
	48	25041	1	400	
}
Group	WORLDBOSS
{
	Mob	9836
	Type	drop
	1	71084	100	400	
	2	71084	200	400	
	3	71084	300	400	
	4	71084	500	400	
	5	71084	500	400	
	6	39070	5	400	
	7	39071	5	400	
	8	39071	5	400	
	9	100300	2	400	
	10	100300	3	400	
	11	100300	4	400	
	12	55001	1	50	
	13	55001	1	10	
	14	7004300	50	400	
	15	7004300	50	400	
	16	7000500	50	400	
	17	7000500	50	400	
	18	50255	20	400	
	19	50255	20	400	
	20	50255	20	400	
	21	80025	50	400	
	22	80019	5	400	
	23	80019	5	400	
	24	80019	5	400	
	25	80019	5	400	
	26	80019	5	400	
	27	71136	1	1	
	28	76012	5	400	
	29	76012	5	400	
	30	76012	5	400	
	31	80025	50	400	
	32	80025	20	400	
	33	71035	1	50	
	34	71035	1	50	
	35	30250	1	50	
	36	30250	1	50	
	37	72064	5	400	
	38	72064	5	400	
	39	72064	5	400	
	40	77910	1	400	
	41	77910	1	400	
	42	77910	1	400	
	43	77911	1	400	
	44	77911	1	400	
	45	33031	10	400	
	46	33031	10	400	
	47	33031	10	400	
	48	55036	1	50	
	49	30400	100	400	
	50	30400	200	400	
	51	30400	50	400	
	52	55009	1	400	
	53	55009	1	400	
	54	55005	1	400	
	55	25041	1	400	
}
Group	WORLDBOSS
{
	Mob	9838
	Type	drop
	1	71084	100	400	
	2	71084	200	400	
	3	71084	300	400	
	4	71084	500	400	
	5	71084	1000	400	
	6	39071	5	400	
	7	39072	5	400	
	8	39072	5	400	
	9	100300	3	400	
	10	100400	3	400	
	11	100400	4	400	
	12	55001	1	50	
	13	55001	1	10	
	14	7004300	50	400	
	15	7004300	50	400	
	16	7000500	50	400	
	17	7000500	50	400	
	18	50255	20	400	
	19	50255	20	400	
	20	50255	20	400	
	21	80025	50	400	
	22	80019	5	400	
	23	80019	5	400	
	24	80019	5	400	
	25	80019	5	400	
	26	80019	5	400	
	27	71136	1	1	
	28	76012	5	400	
	29	76012	5	400	
	30	76012	5	400	
	31	80025	50	400	
	32	80025	20	400	
	33	71035	1	50	
	34	71035	1	50	
	35	30250	1	50	
	36	30250	1	50	
	37	72065	5	400	
	38	72065	5	400	
	39	72065	5	400	
	40	77911	1	400	
	41	77911	1	400	
	42	77911	1	400	
	43	77912	1	400	
	44	77912	1	400	
	45	33031	10	400	
	46	33031	10	400	
	47	33031	10	400	
	48	55036	1	50	
	49	30400	100	400	
	50	30400	200	400	
	51	30400	50	400	
	52	55009	1	400	
	53	55009	1	400	
	54	25041	1	400	
}
Group	WORLDBOSS
{
	Mob	9840
	Type	drop
	1	71084	100	400	
	2	71084	200	400	
	3	71084	300	400	
	4	71084	500	400	
	5	71084	500	400	
	6	39071	5	400	
	7	39072	5	400	
	8	39072	5	400	
	9	100300	3	400	
	10	100400	3	400	
	11	100400	4	400	
	12	55001	1	50	
	13	55001	1	10	
	14	7004300	50	400	
	15	7004300	50	400	
	16	7000500	50	400	
	17	7000500	50	400	
	18	50255	20	400	
	19	50255	20	400	
	20	50255	20	400	
	21	80025	50	10	
	22	80019	5	400	
	23	80019	8	400	
	24	80019	2	400	
	25	80019	2	400	
	26	80019	2	400	
	27	71136	1	1	
	28	76012	5	400	
	29	76012	5	400	
	30	76012	5	400	
	31	80025	50	400	
	32	80025	20	400	
	33	71035	1	50	
	34	71035	1	50	
	35	30250	1	50	
	36	30250	1	50	
	37	72065	5	400	
	38	72065	5	400	
	39	72065	5	400	
	40	77911	1	400	
	41	77911	1	400	
	42	77911	1	400	
	43	77912	1	400	
	44	77912	1	400	
	45	33031	10	400	
	46	33031	10	400	
	47	33031	10	400	
	48	55036	1	50	
	49	30400	100	400	
	50	30400	200	400	
	51	30400	50	400	
	52	55009	1	400	
	53	55009	1	400	
	54	55006	1	400	
	55	55006	1	400	
	56	55006	1	400	
	57	25041	1	400	
}
Group	WORLDBOSS
{
	Mob	9842
	Type	drop
	1	71084	100	400	
	2	71084	200	400	
	3	71084	300	400	
	4	71084	500	400	
	5	71084	500	400	
	6	39071	5	400	
	7	39072	5	400	
	8	39072	5	400	
	9	100300	3	400	
	10	100400	3	400	
	11	100400	4	400	
	12	55001	1	50	
	13	55001	1	10	
	14	7004300	50	400	
	15	7004300	50	400	
	16	7000500	50	400	
	17	7000500	50	400	
	18	50255	20	400	
	19	50255	20	400	
	20	50255	20	400	
	21	80025	100	10	
	22	80019	5	400	
	23	80019	5	400	
	24	80019	5	400	
	25	80019	5	400	
	26	80019	5	400	
	27	71136	1	1	
	28	76012	5	400	
	29	76012	5	400	
	30	76012	5	400	
	31	80025	50	400	
	32	80025	20	400	
	33	71035	1	50	
	34	71035	1	50	
	35	30250	1	50	
	36	30250	1	50	
	37	72065	5	400	
	38	72065	5	400	
	39	72065	5	400	
	40	77911	1	400	
	41	77911	1	400	
	42	77911	1	400	
	43	77912	1	400	
	44	77912	1	400	
	45	33031	10	400	
	46	33031	10	400	
	47	33031	10	400	
	48	55036	1	50	
	49	30400	100	400	
	50	30400	200	400	
	51	30400	50	400	
	52	55009	1	400	
	53	55009	1	400	
	54	25041	1	400	
}

Group	Jin_bing_(Dunkelheit)
{
	Type	drop
	Mob	6686
	1	72353	1	1
}

Group	Jin_bing_(Eis)
{
	Type	drop
	Mob	6693
	1	81000	1	1
	2	81250	1	1
	3	81300	1	1
	4	81550	1	1
	5	31216	1	15
	6	31218	1	15
	7	31224	1	15
	8	31217	1	1
	9	39073	1	1
	10	39076	1	1
	11	39072	1	1
	12	39071	1	1
	13	39070	1	1
	14	39075	1	1
}

Group	Soldat_Ki_(Dunkelheit)
{
	Type	drop
	Mob	6687
	1	72353	1	1
}

Group	Soldat_Ki_(Eis)
{
	Type	drop
	Mob	6694
	1	81000	1	1
	2	81250	1	1
	3	81300	1	1
	4	81550	1	1
	5	31216	1	15
	6	31218	1	15
	7	31224	1	15
	8	31217	1	1
	9	39073	1	1
	10	39076	1	1
	11	39072	1	1
	12	39071	1	1
	13	39070	1	1
	14	39075	1	1
}

Group	Soldat_Mao_(Dunkelheit)
{
	Type	drop
	Mob	6688
	1	72353	1	1
}

Group	Soldat_Mao_(Eis)
{
	Type	drop
	Mob	6695
	1	81000	1	1
	2	81250	1	1
	3	81300	1	1
	4	81550	1	1
	5	31216	1	15
	6	31218	1	15
	7	31224	1	15
	8	31217	1	1
	9	39073	1	1
	10	39076	1	1
	11	39072	1	1
	12	39071	1	1
	13	39070	1	1
	14	39075	1	1
}

Group	Soldat_Gong_(Dunkelheit)
{
	Type	drop
	Mob	6689
	1	72353	1	1
}
Group	Soldat_Gong_(Eis)
{
	Type	drop
	Mob	6696
	1	81000	1	1
	2	81250	1	1
	3	81300	1	1
	4	81550	1	1
	5	31216	1	15
	6	31218	1	15
	7	31224	1	15
	8	31217	1	1
	9	39073	1	1
	10	39076	1	1
	11	39072	1	1
	12	39071	1	1
	13	39070	1	1
	14	39075	1	1
}

Group	Front-Magier_(Dunkelheit)
{
	Type	drop
	Mob	6690
	1	81000	1	1
	2	81250	1	1
	3	81300	1	1
	4	81550	1	1
	5	31216	1	15
	6	31218	1	15
	7	31224	1	15
	8	31217	1	1
	9	39073	1	1
	10	39076	1	1
	11	39072	1	1
	12	39071	1	1
	13	39070	1	1
	14	39075	1	1
}

Group	Front-Magier_(Eis)
{
	Type	drop
	Mob	6697
	1	81000	1	1
	2	81250	1	1
	3	81300	1	1
	4	81550	1	1
	5	31216	1	15
	6	31218	1	15
	7	31224	1	15
	8	31217	1	1
	9	39073	1	1
	10	39076	1	1
	11	39072	1	1
	12	39071	1	1
	13	39070	1	1
	14	39075	1	1
}

Group	Kao_(Dunkelheit)
{
	Type	drop
	Mob	6691
	1	145	1	20
	2	146	1	15
	3	3145	1	20
	4	3146	1	15
	5	7145	1	20
	6	7146	1	15
	7	5085	1	20
	8	5086	1	15
	9	1105	1	20
	10	1106	1	15
	11	155	1	20
	12	156	1	15
	13	2145	1	20
	14	2146	1	15
	15	50513	1	50
	16	39002	1	50
	17	31247	1	20
	18	31248	1	20
	19	31249	1	20
	20	31250	1	20
	21	50528	1	500
	22	72353	1	50
	23	31251	1	30
	24	31252	1	30
	25	31216	1	30
	26	31218	1	30
	27	31224	1	30
	28	31217	1	30
	29	31245	1	30
	30	31226	1	30
	31	30612	1	30
}

Group	Kao_(Eis)
{
	Type	drop
	Mob	6698
	1	25041	1	1
	2	25041	1	1
	3	71084	30	100
	4	71084	30	100
	5	71084	30	100
	6	80019	1	1
	7	80019	1	1
	8	51517	1	1
	9	51518	1	1
	10	51519	1	1
	11	81250	1	1
	12	55009	1	1
	13	30400	1	1
}
	Group	Argos_(Dunkelheit)
{
	Type	drop
	Mob	6706
	1	145	1	20
	2	146	1	15
	3	3145	1	20
	4	3146	1	15
	5	7145	1	20
	6	7146	1	15
	7	5085	1	20
	8	5086	1	15
	9	1105	1	20
	10	1106	1	15
	11	155	1	20
	12	156	1	15
	13	2145	1	20
	14	2146	1	15
	15	27002	50	90
	16	27003	10	90
	17	27003	20	90
	18	27005	30	90
	19	50513	1	50
	20	39002	1	50
	21	70043	1	50
	22	50528	1	500
	23	30400	50	80
	24	50661	3	50
	25	31247	1	20
	26	31248	1	20
	27	31249	1	20
	28	31250	1	20
	29	31251	1	30
	30	31252	1	30
	31	72353	1	50
	32	31216	1	30
	33	31218	1	30
	34	31224	1	30
	35	31217	1	30
	36	31245	1	30
	37	31226	1	30
	38	50300	1	500
	39	376	1	1
	40	3266	1	1
	41	396	1	1
	42	5216	1	1
	43	7346	1	1
	44	2246	1	1
	45	1226	1	1
	46	21326	1	1
	47	21346	1	1
	48	21366	1	1
	49	21386	1	1
	50	70429	1	1
	51	31226	1	3
	52	31227	1	3
	53	31228	1	3
	54	50661	1	3
}
	Group	Argos_(Feuer)
{
	Type	drop
	Mob	6717
	1	145	1	20
	2	146	1	15
	3	3145	1	20
	4	3146	1	15
	5	7145	1	20
	6	7146	1	15
	7	5085	1	20
	8	5086	1	15
	9	1105	1	20
	10	1106	1	15
	11	155	1	20
	12	156	1	15
	13	2145	1	20
	14	2146	1	15
	15	27002	50	90
	16	27003	10	90
	17	27003	20	90
	18	27005	30	90
	19	50513	1	50
	20	39002	1	50
	21	70043	1	50
	22	50528	1	500
	23	30400	50	80
	24	50661	3	50
	25	31247	1	20
	26	31248	1	20
	27	31249	1	20
	28	31250	1	20
	29	31251	1	30
	30	31252	1	30
	31	72353	1	50
	32	31216	1	30
	33	31218	1	30
	34	31224	1	30
	35	31217	1	30
	36	31245	1	30
	37	31226	1	30
	38	50300	1	500
	39	376	1	1
	40	3266	1	1
	41	396	1	1
	42	5216	1	1
	43	7346	1	1
	44	2246	1	1
	45	1226	1	1
	46	21326	1	1
	47	21346	1	1
	48	21366	1	1
	49	21386	1	1
	50	70429	1	1
	51	31226	1	3
	52	31227	1	3
	53	31228	1	3
	54	50661	1	3
}
	Group	Natanan_(Dunkelheit)
{
	Type	drop
	Mob	6705
	1	145	1	20
	2	146	1	15
	3	3145	1	20
	4	3146	1	15
	5	7145	1	20
	6	7146	1	15
	7	5085	1	20
	8	5086	1	15
	9	1105	1	20
	10	1106	1	15
	11	155	1	20
	12	156	1	15
	13	2145	1	20
	14	2146	1	15
	15	50513	1	50
	16	39002	1	50
	17	31247	1	20
	18	31248	1	20
	19	31249	1	20
	20	31250	1	20
	21	50528	1	500
	22	72353	1	50
	23	31251	1	30
	24	31252	1	30
	25	31216	1	30
	26	31218	1	30
	27	31224	1	30
	28	31245	1	30
	29	30612	1	30
	30	376	1	1
	31	3266	1	1
	32	396	1	1
	33	5216	1	1
	34	7346	1	1
	35	2246	1	1
	36	1226	1	1
	37	21326	1	1
	38	21346	1	1
	39	21366	1	1
	40	21386	1	1
	41	70429	1	1
	41	31226	1	3
	42	31227	1	3
	43	31228	1	3
	43	50661	1	3
}
	Group	Natanan_(Feuer)
{
	Type	drop
	Mob	6716
	1	145	1	20
	2	146	1	15
	3	3145	1	20
	4	3146	1	15
	5	7145	1	20
	6	7146	1	15
	7	5085	1	20
	8	5086	1	15
	9	1105	1	20
	10	1106	1	15
	11	155	1	20
	12	156	1	15
	13	2145	1	20
	14	2146	1	15
	15	50513	1	50
	16	39002	1	50
	17	31247	1	20
	18	31248	1	20
	19	31249	1	20
	20	31250	1	20
	21	50528	1	500
	22	72353	1	50
	23	31251	1	30
	24	31252	1	30
	25	31216	1	30
	26	31218	1	30
	27	31224	1	30
	28	31245	1	30
	29	30612	1	30
	30	376	1	1
	31	3266	1	1
	32	396	1	1
	33	5216	1	1
	34	7346	1	1
	35	2246	1	1
	36	1226	1	1
	37	21326	1	1
	38	21346	1	1
	39	21366	1	1
	40	21386	1	1
	41	70429	1	1
	41	31226	1	3
	42	31227	1	3
	43	31228	1	3
	43	50661	1	3
}
	Group	Myr-Kovix_(Erde)
{
	Type	drop
	Mob	6718
	1	81000	1	1
	2	81250	1	1
	3	81300	1	1
	4	81550	1	1
	5	31216	1	15
	6	31218	1	15
	7	31224	1	15
	8	31217	1	1
	9	39073	1	1
	10	39076	1	1
	11	39072	1	1
	12	39071	1	1
	13	39070	1	1
	14	39075	1	1
	15	83032	1	5
	16	31217	1	1
	17	39067	1	1
	18	27101	1	1
}
	Group	Myr-Kovix_(Wind)
{
	Type	drop
	Mob	6725
	1	81000	1	1
	2	81250	1	1
	3	81300	1	1
	4	81550	1	1
	5	31216	1	15
	6	31218	1	15
	7	31224	1	15
	8	31217	1	1
	9	39073	1	1
	10	39076	1	1
	11	39072	1	1
	12	39071	1	1
	13	39070	1	1
	14	39075	1	1
	15	83032	1	5
	16	31217	1	1
	17	39067	1	1
	18	27101	1	1
}
	Group	Myr-Proletarier_(Wind)
{
	Type	drop
	Mob	6726
	1	81000	1	1
	2	81250	1	1
	3	81300	1	1
	4	81550	1	1
	5	31216	1	15
	6	31218	1	15
	7	31224	1	15
	8	31217	1	1
	9	39073	1	1
	10	39076	1	1
	11	39072	1	1
	12	39071	1	1
	13	39070	1	1
	14	39075	1	1
	15	83032	1	5
	16	31217	1	1
	17	39067	1	1
	18	27101	1	1
}
	Group	Myr-Proletarier_(Erde)
{
	Type	drop
	Mob	6719
	1	81000	1	1
	2	81250	1	1
	3	81300	1	1
	4	81550	1	1
	5	31216	1	15
	6	31218	1	15
	7	31224	1	15
	8	31217	1	1
	9	39073	1	1
	10	39076	1	1
	11	39072	1	1
	12	39071	1	1
	13	39070	1	1
	14	39075	1	1
	15	83032	1	5
	16	31217	1	1
	17	39067	1	1
	18	27101	1	1
}
	Group	Myr-Golem_(Wind)
{
	Type	drop
	Mob	6727
	1	81000	1	1
	2	81250	1	1
	3	81300	1	1
	4	81550	1	1
	5	31216	1	15
	6	31218	1	15
	7	31224	1	15
	8	31217	1	1
	9	39073	1	1
	10	39076	1	1
	11	39072	1	1
	12	39071	1	1
	13	39070	1	1
	14	39075	1	1
	15	83032	1	5
	16	31217	1	1
	17	39067	1	1
	18	27101	1	1
}
	Group	Myr-Golem_(Erde)
{
	Type	drop
	Mob	6720
	1	81000	1	1
	2	81250	1	1
	3	81300	1	1
	4	81550	1	1
	5	31216	1	15
	6	31218	1	15
	7	31224	1	15
	8	31217	1	1
	9	39073	1	1
	10	39076	1	1
	11	39072	1	1
	12	39071	1	1
	13	39070	1	1
	14	39075	1	1
	15	83032	1	5
	16	31217	1	1
	17	39067	1	1
	18	27101	1	1
}
	Group	Myr-Kmpfer_(Wind)
{
	Type	drop
	Mob	6728
	1	81000	1	1
	2	81250	1	1
	3	81300	1	1
	4	81550	1	1
	5	31216	1	15
	6	31218	1	15
	7	31224	1	15
	8	31217	1	1
	9	39073	1	1
	10	39076	1	1
	11	39072	1	1
	12	39071	1	1
	13	39070	1	1
	14	39075	1	1
	15	83032	1	5
	16	31217	1	1
	17	39067	1	1
	18	27101	1	1
}
	Group	Myr-Kmpfer_(Erde)
{
	Type	drop
	Mob	6721
	1	81000	1	1
	2	81250	1	1
	3	81300	1	1
	4	81550	1	1
	5	31216	1	15
	6	31218	1	15
	7	31224	1	15
	8	31217	1	1
	9	39073	1	1
	10	39076	1	1
	11	39072	1	1
	12	39071	1	1
	13	39070	1	1
	14	39075	1	1
	15	83032	1	5
	16	31217	1	1
	17	39067	1	1
	18	27101	1	1
}
	Group	Myr-Zauberer_(Wind)
{
	Type	drop
	Mob	6729
	1	81000	1	1
	2	81250	1	1
	3	81300	1	1
	4	81550	1	1
	5	31216	1	15
	6	31218	1	15
	7	31224	1	15
	8	31217	1	1
	9	39073	1	1
	10	39076	1	1
	11	39072	1	1
	12	39071	1	1
	13	39070	1	1
	14	39075	1	1
	15	83032	1	5
	16	31217	1	1
	17	39067	1	1
	18	27101	1	1
}

	Group	Myr-Zauberer_(Erde)
{
	Type	drop
	Mob	6722
	1	81000	1	1
	2	81250	1	1
	3	81300	1	1
	4	81550	1	1
	5	31216	1	15
	6	31218	1	15
	7	31224	1	15
	8	31217	1	1
	9	39073	1	1
	10	39076	1	1
	11	39072	1	1
	12	39071	1	1
	13	39070	1	1
	14	39075	1	1
	15	83032	1	5
	16	31217	1	1
	17	39067	1	1
	18	27101	1	1
}
	Group	Myr-Veteran_(Wind)
{
	Type	drop
	Mob	6730
	1	25041	1	1
	2	25041	1	1
	3	71084	10	1
	4	71084	20	1
	5	71084	30	1
	6	80019	1	1
	7	80019	1	1
	8	55009	1	20
	9	30400	1	1
}
	Group	Myr-Veteran_(Erde)
{
	Type	drop
	Mob	6723
	1	25041	1	1
	2	25041	1	1
	3	71084	10	1
	4	71084	20	1
	5	71084	30	1
	6	80019	1	1
	7	80019	1	1
	8	55009	1	20
	9	30400	1	1
}
	Group	Myr-Primus_(Wind)
{
	Type	drop
	Mob	6731
	1	25041	1	1
	2	25041	1	1
	3	71084	10	1
	4	71084	20	1
	5	71084	30	1
	6	80019	1	1
	7	80019	1	1
	8	55009	1	20
	9	30400	1	1
	10	376	1	1
	11	3266	1	1
	12	396	1	1
	13	5216	1	1
	14	7346	1	1
	15	2246	1	1
	16	1226	1	1
	17	21326	1	1
	18	21346	1	1
	19	21366	1	1
	20	21386	1	1
	21	70429	1	1
	22	31226	1	3
	23	31227	1	3
	24	31228	1	3
	25	50661	1	3
}
	Group	Myr-Primus_(Erde)
{
	Type	drop
	Mob	6724
	1	25041	1	1
	2	25041	1	1
	3	71084	10	1
	4	71084	20	1
	5	71084	30	1
	6	80019	1	1
	7	80019	1	1
	8	55009	1	20
	9	30400	1	1
	10	376	1	1
	11	3266	1	1
	12	396	1	1
	13	5216	1	1
	14	7346	1	1
	15	2246	1	1
	16	1226	1	1
	17	21326	1	1
	18	21346	1	1
	19	21366	1	1
	20	21386	1	1
	21	376	1	1
	22	3266	1	1
	23	396	1	1
	24	5216	1	1
	25	7346	1	1
	26	2246	1	1
	27	1226	1	1
	28	21326	1	1
	29	21346	1	1
	30	21366	1	1
	31	21386	1	1
	32	70429	1	1
	33	31226	1	3
	34	31227	1	3
	35	31228	1	3
	36	50661	1	3
}
	Group	Verdorbener_Mnch_(Erde)
{
	Mob	6878
	Type	drop
	1	81550	1	1
	2	81300	1	1
	3	81250	1	1
	4	81000	1	1
	5	31218	1	1
	6	31216	1	1
	7	50737	1	1
	8	50739	1	1
	9	50740	1	1
	10	72353	1	1
	11	39070	1	1
	12	39071	1	1
	13	39072	1	1
	14	39073	1	1
	15	39075	1	1
	16	39076	1	1
	17	39069	1	1
	18	30612	1	1
}
	Group	Verdorbener
{
	Mob	6761
	Type	drop
	1	81550	1	1
	2	81300	1	1
	3	81250	1	1
	4	81000	1	1
	5	31218	1	1
	6	31216	1	1
	7	50738	1	1
	8	50739	1	1
	9	50740	1	1
	10	72353	1	1
	11	39070	1	1
	12	39071	1	1
	13	39072	1	1
	14	39073	1	1
	15	39075	1	1
	16	39076	1	1
	17	39069	1	1
	18	30612	1	1
}
	Group	Verdorbener_Soldat_(Erde)
{
	Mob	6875
	Type	drop
	1	81550	1	1
	2	81300	1	1
	3	81250	1	1
	4	81000	1	1
	5	31218	1	1
	6	31216	1	1
	7	31224	1	1
	8	50737	1	1
	9	50739	1	1
	10	50740	1	1
	11	72353	1	1
}
	Group	Verdorbener_Soldat_(Dunkelheit)
{
	Mob	6758
	Type	drop
	1	81550	1	1
	2	81300	1	1
	3	81250	1	1
	4	81000	1	1
	5	31218	1	1
	6	31216	1	1
	7	31224	1	1
	8	50738	1	1
	9	50739	1	1
	10	50740	1	1
	11	72353	1	1
}
	Group	Verdorbener_Scharmtzler_(Wind)
{
	Mob	6876
	Type	drop
	1	81550	1	1
	2	81300	1	1
	3	81250	1	1
	4	81000	1	1
	5	31218	1	1
	6	31216	1	1
	7	31224	1	1
	8	50737	1	1
	9	50739	1	1
	10	50740	1	1
	11	72353	1	1
	12	39070	1	1
	13	39071	1	1
	14	39072	1	1
	15	39073	1	1
	16	39075	1	1
	17	39076	1	1
	18	39069	1	1
	19	83032	1	1
	20	49990	1	1
	21	2180	1	1
}
	Group	Verdorbener_Scharmtzler_(Dunkelheit)
{
	Mob	6759
	Type	drop
	1	81550	1	1
	2	81300	1	1
	3	81250	1	1
	4	81000	1	1
	5	31218	1	1
	6	31216	1	1
	7	31224	1	1
	8	50738	1	1
	9	50739	1	1
	10	50740	1	1
	11	72353	1	1
	12	39070	1	1
	13	39071	1	1
	14	39072	1	1
	15	39073	1	1
	16	39075	1	1
	17	39076	1	1
	18	39069	1	1
	19	83032	1	1
	20	49990	1	1
	21	2180	1	1
}
	Group	Verdorbener_Krieger_(Wind)
{
	Mob	6877
	Type	drop
	1	81550	1	1
	2	81300	1	1
	3	81250	1	1
	4	81000	1	1
	5	31218	1	1
	6	31216	1	1
	7	31224	1	1
	8	50737	1	1
	9	50739	1	1
	10	50740	1	1
	11	72353	1	1
	12	39070	1	1
	13	39071	1	1
	14	39072	1	1
	15	39073	1	1
	16	39075	1	1
	17	39076	1	1
	18	31217	1	1
	19	39068	1	1
	20	39079	1	1
	21	39080	1	1
	22	30612	1	1
}
	Group	Verdorbener_Krieger_(Dunkelheit)
{
	Mob	6760
	Type	drop
	1	81550	1	1
	2	81300	1	1
	3	81250	1	1
	4	81000	1	1
	5	31218	1	1
	6	31216	1	1
	7	31224	1	1
	8	50738	1	1
	9	50739	1	1
	10	50740	1	1
	11	72353	1	1
	12	39070	1	1
	13	39071	1	1
	14	39072	1	1
	15	39073	1	1
	16	39075	1	1
	17	39076	1	1
	18	31217	1	1
	19	39068	1	1
	20	39079	1	1
	21	39080	1	1
	22	30612	1	1
}
	Group	Verdorbener_General_(Wind)
{
	Mob	6879
	Type	drop
	1	50737	1	1
	2	50739	1	1
	3	50740	1	1
}
	Group	Verdorbener_General_(Dunkelheit)
{
	Mob	6762
	Type	drop
	1	50738	1	1
	2	50739	1	1
	3	50740	1	1
}
	Group	Verdorbener_Huptling_(Wind)
{
	Mob	6880
	Type	drop
	1	50528	1	1
	2	31257	1	1
	3	31258	1	1
	4	30612	1	1
	5	31247	1	1
	6	31248	1	1
	7	31249	1	1
	8	31250	1	1
	9	31251	1	1
	10	31252	1	1
	11	72353	1	1
	12	50513	1	1
	13	31238	1	1
	14	39002	1	1
	15	70043	1	1
	16	3154	1	1
	17	3156	1	1
	18	254	1	1
	19	256	1	1
	20	174	1	1
	21	176	1	1
	22	2184	1	1
	23	2186	1	1
	24	7154	1	1
	25	7156	1	1
	26	1124	1	1
	27	1126	1	1
	28	6064	1	1
	29	6066	1	1
}
	Group	Verdorbener_Huptling_(Dunkelheit)
{
	Mob	6763
	Type	drop
	1	50528	1	1
	2	31257	1	1
	3	31258	1	1
	4	30612	1	1
	5	31247	1	1
	6	31248	1	1
	7	31249	1	1
	8	31250	1	1
	9	31251	1	1
	10	31252	1	1
	11	72353	1	1
	12	50513	1	1
	13	31238	1	1
	14	39002	1	1
	15	70043	1	1
	16	3154	1	1
	17	3156	1	1
	18	254	1	1
	19	256	1	1
	20	174	1	1
	21	176	1	1
	22	2184	1	1
	23	2186	1	1
	24	7154	1	1
	25	7156	1	1
	26	1124	1	1
	27	1126	1	1
	28	6064	1	1
	29	6066	1	1
}
	Group	Verd._Kriegshuptling_(Wind)
{
	Mob	6881
	Type	drop
	1	70408	1	1
	2	50528	1	1
	3	31257	1	1
	4	31258	1	1
	5	50737	5	10
	6	31247	1	1
	7	31248	1	1
	8	31249	1	1
	9	31250	1	1
	10	31251	1	1
	11	31252	1	1
	12	72353	1	1
	13	31238	1	1
	14	50663	1	1
	15	3154	1	1
	16	3156	1	1
	17	254	1	1
	18	256	1	1
	19	174	1	1
	20	176	1	1
	21	2184	1	1
	22	2186	1	1
	23	7154	1	1
	24	7156	1	1
	25	1124	1	1
	26	1126	1	1
	27	6064	1	1
	28	6066	1	1
	29	30400	50	10
	30	39081	1	1
	31	50664	1	1
}
	Group	Verd._Kriegshuptling_(Dunkelheit)
{
	Mob	6764
	Type	drop
	1	70408	1	1
	2	50528	1	1
	3	31257	1	1
	4	31258	1	1
	5	50738	5	10
	6	31247	1	1
	7	31248	1	1
	8	31249	1	1
	9	31250	1	1
	10	31251	1	1
	11	31252	1	1
	12	72353	1	1
	13	31238	1	1
	14	50663	1	1
	15	3154	1	1
	16	3156	1	1
	17	254	1	1
	18	256	1	1
	19	174	1	1
	20	176	1	1
	21	2184	1	1
	22	2186	1	1
	23	7154	1	1
	24	7156	1	1
	25	1124	1	1
	26	1126	1	1
	27	6064	1	1
	28	6066	1	1
	29	30400	50	10
	30	39081	1	1
	31	50664	1	1
}
	Group	Kappa-Arbeiter
{
	Mob	6745
	Type	drop
	1	31257	1	1
	2	31258	1	1
	3	70428	1	1
	4	31218	1	1
	5	31216	1	1
	6	31224	1	1
	7	81550	1	1
	8	81300	1	1
	9	81250	1	1
	10	81000	1	1
	11	30612	1	1
	12	31238	1	1
}
	Group	Kappa-Jger
{
	Mob	6748
	Type	drop
	1	31257	1	1
	2	31258	1	1
	3	70428	1	1
	4	31218	1	1
	5	31216	1	1
	6	31224	1	1
	7	81550	1	1
	8	81300	1	1
	9	81250	1	1
	10	81000	1	1
	11	30612	1	1
	12	31238	1	1
}
	Group	Kappa-Soldat
{
	Mob	6746
	Type	drop
	1	31257	1	1
	2	31258	1	1
	3	70428	1	1
	4	31218	1	1
	5	31216	1	1
	6	31224	1	1
	7	81550	1	1
	8	81300	1	1
	9	81250	1	1
	10	81000	1	1
	11	30612	1	1
	12	31238	1	1
}
	Group	Kappa-Zauberer
{
	Mob	6747
	Type	drop
	1	31257	1	1
	2	31258	1	1
	3	70428	1	1
	4	31218	1	1
	5	31216	1	1
	6	31224	1	1
	7	81550	1	1
	8	81300	1	1
	9	81250	1	1
	10	81000	1	1
	11	30612	1	1
	12	31238	1	1
}
	Group	Mchtiger_Kappa
{
	Mob	6749
	Type	drop
	1	39015	1	1
	2	70428	5	10
	3	31257	1	1
	4	31218	1	1
	5	31216	1	1
	6	31224	1	1
	7	31247	1	1
	8	31248	1	1
	9	31249	1	1
	10	31250	1	1
	11	31246	1	1
	12	31238	1	1
	13	72353	1	1
	14	39079	1	1
	15	39080	1	1
	16	39081	1	1
	17	50739	1	1
	18	50740	1	1
	19	50736	5	10
	20	50661	3	50
	21	50662	3	50
	22	50663	3	50
	23	83052	1	1
	24	83053	1	1
	25	30400	50	10
	26	72304	1	1
	27	71015	1	1
	28	50300	1	1
	29	70043	1	1
	30	50664	1	50
}
	Group	Scharmtzler_d._Horts_(Eis)
{
	Mob	6785
	Type	drop
	1	31251	1	1
	2	31252	1	1
	3	31218	1	1
	4	31216	1	1
	5	31224	1	1
	6	31238	1	1
	7	31241	1	1
	8	50662	1	1
	9	50663	1	1
	10	31244	1	1
	11	31259	1	1
	12	70050	1	1
	13	76031	1	1
	14	50739	1	1
	15	50740	1	1
	16	50734	1	1
	17	83067	1	1
	18	50124	1	1
	19	83054	1	1
	20	31246	1	1
	21	31247	1	1
	22	31248	1	1
	23	31249	1	1
	24	31250	1	1
	25	39079	1	1
	26	39080	1	1
	27	39081	1	1
	28	39068	1	1
	29	81550	1	1
	30	81300	1	1
	31	81250	1	1
	32	81000	1	1
	33	250	1	1
	34	7150	1	1
	35	190	1	1
	36	5120	1	1
	37	31259	1	1
	38	31240	1	1
	39	31239	1	1
	40	31235	1	1
	41	31236	1	1
	42	49992	1	1
	43	50664	1	1
}
	Group	Krieger_d._Nordwindhorts_(Eis)
{
	Mob	6786
	Type	drop
	1	31251	1	1
	2	31252	1	1
	3	31218	1	1
	4	31216	1	1
	5	31224	1	1
	6	31238	1	1
	7	31241	1	1
	8	50662	1	1
	9	50663	1	1
	10	31244	1	1
	11	31259	1	1
	12	70050	1	1
	13	76031	1	1
	14	50739	1	1
	15	50740	1	1
	16	50734	1	1
	17	83067	1	1
	18	50124	1	1
	19	83054	1	1
	20	31246	1	1
	21	31247	1	1
	22	31248	1	1
	23	31249	1	1
	24	31250	1	1
	25	39079	1	1
	26	39080	1	1
	27	39081	1	1
	28	39068	1	1
	29	81550	1	1
	30	81300	1	1
	31	81250	1	1
	32	81000	1	1
	33	250	1	1
	34	7150	1	1
	35	190	1	1
	36	5120	1	1
	37	180	1	1
	38	31240	1	1
	39	31239	1	1
	40	31235	1	1
	41	31236	1	1
	42	49992	1	1
	43	50664	1	1
}
	Group	General_d._Nordwindhorts_(Eis)
{
	Mob	6788
	Type	drop
	1	31251	1	1
	2	31252	1	1
	3	31218	1	1
	4	31216	1	1
	5	31224	1	1
	6	31238	1	1
	7	31241	1	1
	8	50662	1	1
	9	50663	1	1
	10	31244	1	1
	11	31259	1	1
	12	70050	1	1
	13	76031	1	1
	14	50739	1	1
	15	50740	1	1
	16	50734	1	1
	17	83067	1	1
	18	50124	1	1
	19	83054	1	1
	20	31246	1	1
	21	31247	1	1
	22	31248	1	1
	23	31249	1	1
	24	31250	1	1
	25	39079	1	1
	26	39080	1	1
	27	39081	1	1
	28	39068	1	1
	29	81550	1	1
	30	81300	1	1
	31	81250	1	1
	32	81000	1	1
	33	250	1	1
	34	7150	1	1
	35	190	1	1
	36	5120	1	1
	37	180	1	1
	38	2180	1	1
	39	3160	1	1
	40	3150	1	1
	41	170	1	1
	42	31240	1	1
	43	31239	1	1
	44	31235	1	1
	45	31236	1	1
	46	49992	1	1
	47	50664	1	1
}
	Group	Zauberer_d._Nordwindh._(Eis)
{
	Mob	6787
	Type	drop
	1	31251	1	1
	2	31252	1	1
	3	31218	1	1
	4	31216	1	1
	5	31224	1	1
	6	31238	1	1
	7	31241	1	1
	8	50662	1	1
	9	50663	1	1
	10	31244	1	1
	11	31259	1	1
	12	70050	1	1
	13	76031	1	1
	14	50739	1	1
	15	50740	1	1
	16	50734	1	1
	17	83067	1	1
	18	50124	1	1
	19	83054	1	1
	20	31246	1	1
	21	31247	1	1
	22	31248	1	1
	23	31249	1	1
	24	31250	1	1
	25	39079	1	1
	26	39080	1	1
	27	39081	1	1
	28	39068	1	1
	29	81550	1	1
	30	81300	1	1
	31	81250	1	1
	32	81000	1	1
	33	2180	1	1
	34	31240	1	1
	35	31239	1	1
	36	31235	1	1
	37	31236	1	1
	38	49992	1	1
	39	50664	1	1
}

Group	Soldat_des_Nordwindhorts_(Eis)
{
	Mob	6784
	Type	drop
	1	31251	1	1
	2	31252	1	1
	3	31218	1	1
	4	31216	1	1
	5	31224	1	1
	6	31238	1	1
	7	31241	1	1
	8	50662	1	1
	9	50663	1	1
	10	31244	1	1
	11	31259	1	1
	12	70050	1	1
	13	76031	1	1
	14	50739	1	1
	15	50740	1	1
	16	50734	1	1
	17	83067	1	1
	18	50124	1	1
	19	83054	1	1
	20	31246	1	1
	21	31247	1	1
	22	31248	1	1
	23	31249	1	1
	24	31250	1	1
	25	39079	1	1
	26	39080	1	1
	27	39081	1	1
	28	39068	1	1
	29	81550	1	1
	30	81300	1	1
	31	81250	1	1
	32	81000	1	1
	33	180	1	1
	34	190	1	1
	35	250	1	1
	36	170	1	1
	37	31239	1	1
	38	31235	1	1
	39	31236	1	1
	40	49992	1	1
}

Group	Kriegshuptling_d._Horts_(Eis)
{
	Mob	6789
	Type	drop
	1	70410	1	1
	2	31238	1	1
	3	31239	1	1
	4	31240	1	1
	5	31241	1	1
	6	55009	1	1
	7	70401	1	1
	8	31242	1	1
	9	31243	1	1
	10	31237	1	1
	11	31263	1	1
	12	31244	1	1
	13	31236	1	1
	14	72353	1	1
	15	49992	1	1
	16	49993	1	1
	17	39081	1	1
	18	83067	1	1
	19	50734	1	1
	20	50513	1	1
	21	70005	1	1
	22	70043	1	1
	23	7158	1	1
	24	1127	1	1
	25	1128	1	1
	26	177	1	1
	27	3158	1	1
	28	3188	1	1
	29	258	1	1
	30	31239	1	1
	31	50664	1	1
}

Group	Scharmtzler_d._Horts_(Eis_Blitz)
{
	Mob	6793
	Type	drop
	1	31251	1	1
	2	31252	1	1
	3	31218	1	1
	4	31216	1	1
	5	31224	1	1
	6	31238	1	1
	7	31241	1	1
	8	50662	1	1
	9	50663	1	1
	10	31244	1	1
	11	31259	1	1
	12	70050	1	1
	13	76031	1	1
	14	50739	1	1
	15	50740	1	1
	16	50735	1	1
	17	83067	1	1
	18	50124	1	1
	19	83054	1	1
	20	31246	1	1
	21	31247	1	1
	22	31248	1	1
	23	31249	1	1
	24	31250	1	1
	25	39079	1	1
	26	39080	1	1
	27	39081	1	1
	28	39068	1	1
	29	81550	1	1
	30	81300	1	1
	31	81250	1	1
	32	81000	1	1
	33	250	1	1
	34	7150	1	1
	35	190	1	1
	36	5120	1	1
	37	31259	1	1
	38	31240	1	1
	39	31239	1	1
	40	31235	1	1
	41	31236	1	1
	42	49992	1	1
	43	50664	1	1
}

	Group	Krieger_d._Nordwindhorts_(Eis_Blitz)
{
	Mob	6794
	Type	drop
	1	31251	1	1
	2	31252	1	1
	3	31218	1	1
	4	31216	1	1
	5	31224	1	1
	6	31238	1	1
	7	31241	1	1
	8	50662	1	1
	9	50663	1	1
	10	31244	1	1
	11	31259	1	1
	12	70050	1	1
	13	76031	1	1
	14	50739	1	1
	15	50740	1	1
	16	50735	1	1
	17	83067	1	1
	18	50124	1	1
	19	83054	1	1
	20	31246	1	1
	21	31247	1	1
	22	31248	1	1
	23	31249	1	1
	24	31250	1	1
	25	39079	1	1
	26	39080	1	1
	27	39081	1	1
	28	39068	1	1
	29	81550	1	1
	30	81300	1	1
	31	81250	1	1
	32	81000	1	1
	33	250	1	1
	34	7150	1	1
	35	190	1	1
	36	5120	1	1
	37	180	1	1
	38	31240	1	1
	39	31239	1	1
	40	31235	1	1
	41	31236	1	1
	42	49992	1	1
	43	50664	1	1
}

Group	General_d._Nordwindhorts_(Eis_Blitz)
{
	Mob	6796
	Type	drop
	1	31251	1	1
	2	31252	1	1
	3	31218	1	1
	4	31216	1	1
	5	31224	1	1
	6	31238	1	1
	7	31241	1	1
	8	50662	1	1
	9	50663	1	1
	10	31244	1	1
	11	31259	1	1
	12	70050	1	1
	13	76031	1	1
	14	50739	1	1
	15	50740	1	1
	16	50735	1	1
	17	83067	1	1
	18	50124	1	1
	19	83054	1	1
	20	31246	1	1
	21	31247	1	1
	22	31248	1	1
	23	31249	1	1
	24	31250	1	1
	25	39079	1	1
	26	39080	1	1
	27	39081	1	1
	28	39068	1	1
	29	81550	1	1
	30	81300	1	1
	31	81250	1	1
	32	81000	1	1
	33	250	1	1
	34	7150	1	1
	35	190	1	1
	36	5120	1	1
	37	6070	1	1
	38	180	1	1
	39	2180	1	1
	40	3160	1	1
	41	3150	1	1
	42	170	1	1
	43	31240	1	1
	44	31239	1	1
	45	31235	1	1
	46	31236	1	1
	47	49992	1	1
	48	31235	1	1
	49	31236	1	1
	50	49992	1	1
	51	50664	1	1
}

Group	Zauberer_d._Nordwindh._(Eis_Blitz)
{
	Mob	6795
	Type	drop
	1	31251	1	1
	2	31252	1	1
	3	31218	1	1
	4	31216	1	1
	5	31224	1	1
	6	31238	1	1
	7	31241	1	1
	8	50662	1	1
	9	50663	1	1
	10	31244	1	1
	11	31259	1	1
	12	70050	1	1
	13	76031	1	1
	14	50739	1	1
	15	50740	1	1
	16	50735	1	1
	17	83067	1	1
	18	50124	1	1
	19	83054	1	1
	20	31246	1	1
	21	31247	1	1
	22	31248	1	1
	23	31249	1	1
	24	31250	1	1
	25	39079	1	1
	26	39080	1	1
	27	39081	1	1
	28	39068	1	1
	29	81550	1	1
	30	81300	1	1
	31	81250	1	1
	32	81000	1	1
	33	2180	1	1
	34	31240	1	1
	35	31239	1	1
	36	50664	1	1
}

Group	Soldat_des_Nordwindhorts_(Eis_Blitz)
{
	Mob	6792
	Type	drop
	1	31251	1	1
	2	31252	1	1
	3	31218	1	1
	4	31216	1	1
	5	31224	1	1
	6	31238	1	1
	7	31241	1	1
	8	50662	1	1
	9	50663	1	1
	10	31244	1	1
	11	31259	1	1
	12	70050	1	1
	13	76031	1	1
	14	50739	1	1
	15	50740	1	1
	16	50735	1	1
	17	83067	1	1
	18	50124	1	1
	19	83054	1	1
	20	31246	1	1
	21	31247	1	1
	22	31248	1	1
	23	31249	1	1
	24	31250	1	1
	25	39079	1	1
	26	39080	1	1
	27	39081	1	1
	28	39068	1	1
	29	81550	1	1
	30	81300	1	1
	31	81250	1	1
	32	81000	1	1
	33	180	1	1
	34	190	1	1
	35	250	1	1
	36	170	1	1
	37	31239	1	1
}

Group	Kriegshuptling_d._Horts_(Eis_Blitz)
{
	Mob	6797
	Type	drop
	1	70410	1	1
	2	31238	1	1
	3	55009	1	1
	4	70401	1	1
	5	30616	1	1
	6	30617	1	1
	7	30618	1	1
	8	31242	1	1
	9	31243	1	1
	10	31237	1	1
	11	31263	1	1
	12	31244	1	1
	13	31236	1	1
	14	72353	1	1
	15	49992	1	1
	16	49993	1	1
	17	39081	1	1
	18	83067	1	1
	19	50735	1	1
	20	50513	1	1
	21	70005	1	1
	22	70043	1	1
	23	7158	1	1
	24	1127	1	1
	25	1128	1	1
	26	177	1	1
	27	3158	1	1
	28	3188	1	1
	29	258	1	1
}

Group	Alastor(leicht)
{
	Mob	6790
	Type	drop
	1	31226	1	70
	2	31227	1	70
	3	31228	1	70
	4	31233	1	70
	5	31234	1	70
	6	31235	1	70
	7	31236	1	70
	8	31237	1	70
	9	31238	1	70
	10	31239	1	70
	11	31240	1	70
	12	31241	1	70
	13	31242	1	70
	14	31243	1	70
	15	31244	1	70
	16	72353	10	50
	17	50661	3	50
	18	50662	3	50
	19	50663	3	50
	20	50664	3	50
	21	376	1	70
	22	3266	1	70
	23	396	1	70
	24	5216	1	70
	25	7346	1	70
	26	2246	1	70
	27	1226	1	70
	28	21326	1	70
	29	21346	1	70
	30	21366	1	70
	31	21386	1	70
	32	30400	500	70
	33	70412	1	100
}

Group	Alastor(schwer)
{
	Mob	6791
	Type	drop
	1	31226	1	70
	2	31227	1	70
	3	31228	1	70
	4	31233	1	70
	5	31234	1	70
	6	31235	1	70
	7	31236	1	70
	8	31237	1	70
	9	31238	1	70
	10	31239	1	70
	11	31240	1	70
	12	31241	1	70
	13	31242	1	70
	14	31243	1	70
	15	31244	1	70
	16	72353	10	50
	17	50661	3	50
	18	50662	3	50
	19	50663	3	50
	20	50664	3	50
	21	376	1	70
	22	3266	1	70
	23	396	1	70
	24	5216	1	70
	25	7346	1	70
	26	2246	1	70
	27	1226	1	70
	28	21326	1	70
	29	21346	1	70
	30	21366	1	70
	31	21386	1	70
	32	30400	500	70
	33	70411	1	100
}

Group	ReinaQueen(Boss)
{
	Mob	6756
	Type	drop
	1	31226	1	70
	2	31227	1	70
	3	31228	1	70
	4	31233	1	70
	5	31234	1	70
	6	31235	1	70
	7	31236	1	70
	8	31237	1	70
	9	31238	1	70
	10	31239	1	70
	11	31240	1	70
	12	31241	1	70
	13	31242	1	70
	14	31243	1	70
	15	31244	1	70
	16	72353	10	50
	17	50661	3	50
	18	50662	3	50
	19	50663	3	50
	20	50664	3	50
	21	376	1	70
	22	3266	1	70
	23	396	1	70
	24	5216	1	70
	25	7346	1	70
	26	2246	1	70
	27	1226	1	70
	28	21326	1	70
	29	21346	1	70
	30	21366	1	70
	31	21386	1	70
	32	30400	500	70
	33	96335	1	100
}

Group	Bogenschtze_Gong_(Eis)
{
	Mob	6868
	Type	drop
	1	83054	1	1
	2	83051	1	1
	3	83052	1	1
	4	83053	1	1
	5	31257	1	1
	6	31258	1	1
	7	31238	1	1
	8	31261	1	1
	9	72353	1	1
	10	31218	1	1
	11	31216	1	1
	12	31224	1	1
	13	76031	1	1
	14	76044	1	1
	15	7157	1	1
	16	1127	1	1
	17	1127	1	1
	18	177	1	1
	19	3157	1	1
	20	3187	1	1
	21	257	1	1
}

Group	Bogenschtze_Gong_(Dunkelheit)
{
	Mob	6863
	Type	drop
	1	83054	1	1
	2	83051	1	1
	3	83052	1	1
	4	83053	1	1
	5	31257	1	1
	6	31258	1	1
	7	31238	1	1
	8	31261	1	1
	9	72353	1	1
	10	31218	1	1
	11	31216	1	1
	12	31224	1	1
	13	76031	1	1
	14	76044	1	1
	15	7157	1	1
	16	1127	1	1
	17	1127	1	1
	18	177	1	1
	19	3157	1	1
	20	3187	1	1
	21	257	1	1
}

Group	Schwertkmpfer_Kao_(Eis)
{
	Mob	6869
	Type	drop
	1	83054	1	1
	2	83051	1	1
	3	83052	1	1
	4	83053	1	1
	5	31257	1	1
	6	31258	1	1
	7	31238	1	1
	8	31261	1	1
	9	72353	1	1
	10	31218	1	1
	11	31216	1	1
	12	31224	1	1
	13	76031	1	1
	14	76044	1	1
	15	7157	1	1
	16	1127	1	1
	17	1127	1	1
	18	177	1	1
	19	3157	1	1
	20	3187	1	1
	21	257	1	1
}

Group	Schwertkmpfer_Kao_(Eis)
{
	Mob	6864
	Type	drop
	1	83054	1	1
	2	83051	1	1
	3	83052	1	1
	4	83053	1	1
	5	31257	1	1
	6	31258	1	1
	7	31238	1	1
	8	31261	1	1
	9	72353	1	1
	10	31218	1	1
	11	31216	1	1
	12	31224	1	1
	13	76031	1	1
	14	76044	1	1
	15	7157	1	1
	16	1127	1	1
	17	1127	1	1
	18	177	1	1
	19	3157	1	1
	20	3187	1	1
	21	257	1	1
}

Group	Schwetkmpfer_Jin_(Eis)
{
	Mob	6865
	Type	drop
	1	83054	1	1
	2	83051	1	1
	3	83052	1	1
	4	83053	1	1
	5	31257	1	1
	6	31258	1	1
	7	31238	1	1
	8	31261	1	1
	9	72353	1	1
	10	31218	1	1
	11	31216	1	1
	12	31224	1	1
	13	76031	1	1
	14	76044	1	1
	15	7157	1	1
	16	1127	1	1
	17	1127	1	1
	18	177	1	1
	19	3157	1	1
	20	3187	1	1
	21	257	1	1
}

Group	Schwertkmpfer_Jin_(Dunkelheit)
{
	Mob	6860
	Type	drop
	1	83054	1	1
	2	83051	1	1
	3	83052	1	1
	4	83053	1	1
	5	31257	1	1
	6	31258	1	1
	7	31238	1	1
	8	31261	1	1
	9	72353	1	1
	10	31218	1	1
	11	31216	1	1
	12	31224	1	1
	13	76031	1	1
	14	76044	1	1
	15	7157	1	1
	16	1127	1	1
	17	1127	1	1
	18	177	1	1
	19	3157	1	1
	20	3187	1	1
	21	257	1	1
}

Group	Speermeister_Ki_(Eis)
{
	Mob	6866
	Type	drop
	1	83054	1	1
	2	83051	1	1
	3	83052	1	1
	4	83053	1	1
	5	31257	1	1
	6	31258	1	1
	7	31238	1	1
	8	31261	1	1
	9	72353	1	1
	10	31218	1	1
	11	31216	1	1
	12	31224	1	1
	13	76031	1	1
	14	76044	1	1
	15	7157	1	1
	16	1127	1	1
	17	1127	1	1
	18	177	1	1
	19	3157	1	1
	20	3187	1	1
	21	257	1	1
}

Group	Speerkmpfer_Ki_(Dunkelheit)
{
	Mob	6861
	Type	drop
	1	83054	1	1
	2	83051	1	1
	3	83052	1	1
	4	83053	1	1
	5	31257	1	1
	6	31258	1	1
	7	31238	1	1
	8	31261	1	1
	9	72353	1	1
	10	31218	1	1
	11	31216	1	1
	12	31224	1	1
	13	76031	1	1
	14	76044	1	1
	15	7157	1	1
	16	1127	1	1
	17	1127	1	1
	18	177	1	1
	19	3157	1	1
	20	3187	1	1
	21	257	1	1
}

Group	Speerkmpfer_Mao_(Eis)
{
	Mob	6867
	Type	drop
	1	83054	1	1
	2	83051	1	1
	3	83052	1	1
	4	83053	1	1
	5	31257	1	1
	6	31258	1	1
	7	31238	1	1
	8	31261	1	1
	9	72353	1	1
	10	31218	1	1
	11	31216	1	1
	12	31224	1	1
	13	76031	1	1
	14	76044	1	1
	15	7157	1	1
	16	1127	1	1
	17	1127	1	1
	18	177	1	1
	19	3157	1	1
	20	3187	1	1
	21	257	1	1
}

Group	Speerkmpfer_Mao_(Dunkelheit)
{
	Mob	6862
	Type	drop
	1	83054	1	1
	2	83051	1	1
	3	83052	1	1
	4	83053	1	1
	5	31257	1	1
	6	31258	1	1
	7	31238	1	1
	8	31261	1	1
	9	72353	1	1
	10	31218	1	1
	11	31216	1	1
	12	31224	1	1
	13	76031	1	1
	14	76044	1	1
	15	7157	1	1
	16	1127	1	1
	17	1127	1	1
	18	177	1	1
	19	3157	1	1
	20	3187	1	1
	21	257	1	1
}

Group	Mysteriser_Mnch_(Eis)
{
	Mob	6870
	Type	drop
	1	70408	1	1
	2	83054	1	1
	3	83051	1	1
	4	83052	1	1
	5	83053	1	1
	6	55009	1	1
	7	50513	1	1
}

Group	Mysteriser_Mnch_(Dunkelheit)
{
	Mob	6871
	Type	drop
	1	70408	1	1
	2	83054	1	1
	3	83051	1	1
	4	83052	1	1
	5	83053	1	1
	6	55009	1	1
	7	50513	1	1
}

Group	Gnoll-Krieger
{
	Type	drop
	Mob	6800
	1	81000	1	1
	2	81250	1	1
	3	81300	1	1
	4	81550	1	1
	5	39070	1	1
	6	39075	1	1
	7	39073	1	1
	8	39076	1	1
	9	39080	1	5
	10	31216	1	30
	11	31218	1	30
	12	31224	1	30
	13	31245	1	30
	14	31217	1	1
	15	31246	1	30
}

Group	Gnoll-Spher
{
	Type	drop
	Mob	6801
	1	81000	1	1
	2	81250	1	1
	3	81300	1	1
	4	81550	1	1
	5	39070	1	1
	6	39075	1	1
	7	39073	1	1
	8	39076	1	1
	9	39080	1	5
	10	31216	1	30
	11	31218	1	30
	12	31224	1	30
	13	31245	1	30
	14	31217	1	1
	15	31246	1	30
}

Group	Gnoll-Zauberer
{
	Type	drop
	Mob	6802
	1	81000	1	1
	2	81250	1	1
	3	81300	1	1
	4	81550	1	1
	5	39070	1	1
	6	39075	1	1
	7	39073	1	1
	8	39076	1	1
	9	39080	1	5
	10	31216	1	30
	11	31218	1	30
	12	31224	1	30
	13	31245	1	30
	14	31217	1	1
	15	31246	1	30
}

Group	Gnoll-Marschall
{
	Type	drop
	Mob	6803
	1	81000	1	1
	2	81250	1	1
	3	81300	1	1
	4	81550	1	1
	5	39070	1	1
	6	39075	1	1
	7	39073	1	1
	8	39076	1	1
	9	39080	1	5
	10	31216	1	30
	11	31218	1	30
	12	31224	1	30
	13	31245	1	30
	14	31217	1	1
	15	31246	1	30
}

Group	Gnoll-Meister
{
	Type	drop
	Mob	6804
	1	50513	1	5
	2	31245	1	1
}

Group	Gnoll-Hauptmann
{
	Type	drop
	Mob	6805
	1	50513	1	5
	2	31245	1	1
	3	31246	1	30
	4	27002	1	30
	5	27003	1	30
	6	27005	1	30
	7	27006	1	30
	8	31253	1	100
	9	70400	1	80
}

Group	Gnoll-Soldat
{
	Type	drop
	Mob	6806
	1	81000	1	1
	2	81250	1	1
	3	81300	1	1
	4	81550	1	1
	5	39070	1	1
	6	39075	1	1
	7	39073	1	1
	8	39076	1	1
	9	39080	1	5
	10	31216	1	30
	11	31218	1	30
	12	31224	1	30
	13	31245	1	30
	14	31217	1	1
	15	31246	1	30
}

Group	Gnoll-Spion
{
	Type	drop
	Mob	6807
	1	81000	1	1
	2	81250	1	1
	3	81300	1	1
	4	81550	1	1
	5	39070	1	1
	6	39075	1	1
	7	39073	1	1
	8	39076	1	1
	9	39080	1	5
	10	31216	1	30
	11	31218	1	30
	12	31224	1	30
	13	31245	1	30
	14	31217	1	1
	15	31246	1	30
}

Group	Gnoll-Magier
{
	Type	drop
	Mob	6808
	1	81000	1	1
	2	81250	1	1
	3	81300	1	1
	4	81550	1	1
	5	39070	1	1
	6	39075	1	1
	7	39073	1	1
	8	39076	1	1
	9	39080	1	5
	10	31216	1	30
	11	31218	1	30
	12	31224	1	30
	13	31245	1	30
	14	31217	1	1
	15	31246	1	30
}

Group	Gnoll-Kommandant
{
	Type	drop
	Mob	6809
	1	81000	1	1
	2	81250	1	1
	3	81300	1	1
	4	81550	1	1
	5	39070	1	1
	6	39075	1	1
	7	39073	1	1
	8	39076	1	1
	9	39080	1	5
	10	31216	1	30
	11	31218	1	30
	12	31224	1	30
	13	31245	1	30
	14	31217	1	1
	15	31246	1	30
}

Group	Ahtrin-Krieger
{
	Type	drop
	Mob	6810
	1	81000	1	1
	2	81250	1	1
	3	81300	1	1
	4	81550	1	1
	5	39070	1	1
	6	39075	1	1
	7	39073	1	1
	8	39076	1	1
	9	39080	1	5
	10	31216	1	30
	11	31218	1	30
	12	31224	1	30
	13	31245	1	30
	14	31217	1	1
	15	31246	1	30
}

Group	Ahtrin-Spher
{
	Type	drop
	Mob	6811
	1	81000	1	1
	2	81250	1	1
	3	81300	1	1
	4	81550	1	1
	5	39070	1	1
	6	39075	1	1
	7	39073	1	1
	8	39076	1	1
	9	39080	1	5
	10	31216	1	30
	11	31218	1	30
	12	31224	1	30
	13	31245	1	30
	14	31217	1	1
	15	31246	1	30
}

Group	Ahtrin-Zauberer
{
	Type	drop
	Mob	6812
	1	81000	1	1
	2	81250	1	1
	3	81300	1	1
	4	81550	1	1
	5	39070	1	1
	6	39075	1	1
	7	39073	1	1
	8	39076	1	1
	9	39080	1	5
	10	31216	1	30
	11	31218	1	30
	12	31224	1	30
	13	31245	1	30
	14	31217	1	1
	15	31246	1	30
}

Group	Ahtrin-Kommandant
{
	Type	drop
	Mob	6813
	1	81000	1	1
	2	81250	1	1
	3	81300	1	1
	4	81550	1	1
	5	39070	1	1
	6	39075	1	1
	7	39073	1	1
	8	39076	1	1
	9	39080	1	5
	10	31216	1	30
	11	31218	1	30
	12	31224	1	30
	13	31245	1	30
	14	31217	1	1
	15	31246	1	30
}

Group	Ahtrin-Hauptmann_126
{
	Type	drop
	Mob	6814
	1	50513	1	5
	2	31245	1	1
}

Group	Ahtrin-Hauptmann_127
{
	Type	drop
	Mob	6814
	1	50513	1	5
	2	31245	1	1
	3	31246	1	30
	4	27002	1	30
	5	27003	1	30
	6	27005	1	30
	7	27006	1	30
	8	31254	1	100
	9	70400	1	80
}

Group	Ahtrin-Spion
{
	Type	drop
	Mob	6816
	1	81000	1	1
	2	81250	1	1
	3	81300	1	1
	4	81550	1	1
	5	39070	1	1
	6	39075	1	1
	7	39073	1	1
	8	39076	1	1
	9	39080	1	5
	10	31216	1	30
	11	31218	1	30
	12	31224	1	30
	13	31245	1	30
	14	31217	1	1
	15	31246	1	30
}

Group	Ahtrin-Hexer
{
	Type	drop
	Mob	6817
	1	81000	1	1
	2	81250	1	1
	3	81300	1	1
	4	81550	1	1
	5	39070	1	1
	6	39075	1	1
	7	39073	1	1
	8	39076	1	1
	9	39080	1	5
	10	31216	1	30
	11	31218	1	30
	12	31224	1	30
	13	31245	1	30
	14	31217	1	1
	15	31246	1	30
}

Group	Ahtrin-Kommandant_127
{
	Type	drop
	Mob	6818
	1	81000	1	1
	2	81250	1	1
	3	81300	1	1
	4	81550	1	1
	5	39070	1	1
	6	39075	1	1
	7	39073	1	1
	8	39076	1	1
	9	39080	1	5
	10	31216	1	30
	11	31218	1	30
	12	31224	1	30
	13	31245	1	30
	14	31217	1	1
	15	31246	1	30
}

Group	Ahtrin-Gromeister_129
{
	Type	drop
	Mob	6819
	1	50513	1	5
	2	31245	1	1
	3	31246	1	30
	4	31256	1	100
}

Group	Ahtrin-Gromeister_130
{
	Type	drop
	Mob	6820
	1	50513	1	5
	2	31245	1	1
	3	31246	1	30
	4	31256	1	100
	5	27002	1	50
	6	27003	1	30
	7	27005	1	30
	8	27006	1	20
	9	70400	1	80
	10	31255	3	200
	11	31256	1	100
	12	31247	1	20
	13	31248	1	20
	14	31249	1	20
	15	31250	1	20
}
