#ifyouwant show all map write all or write mapname
#important hair need item value3 in proto
#mobvnum-mapname-race-weapon-armor-hair-acce-mount-effectweapon1	effectweapon2	effectweapon3	effectarmor1	effectarmor2	effectarmor3	effectspecial
61000	all	0	40745	40739	532	86075	0	40750	40751	0	0	0	0	0
61001	all	4	40742	40740	532	86075	0	40750	40751	0	0	0	0	0
61002	all	2	40742	40739	532	86075	0	40750	40751	0	0	0	0	0
61003	all	6	40742	40740	532	86075	32039	40750	40751	0	0	0	0	0
61004	all	5	40744	40739	532	86075	32039	40750	40751	0	0	0	0	0
61005	all	1	40743	40740	532	86075	0	40750	40751	0	0	0	0	0
61006	all	7	40746	40739	532	86075	0	40750	40751	0	0	0	0	0
61007	all	3	40747	40740	532	86075	0	40750	40751	0	0	0	0	0