1	0	0	0	0	0	0	0	0	0	0	600	0	0	90
2	0	0	0	0	0	0	0	0	0	0	1200	0	0	90
3	0	0	0	0	0	0	0	0	0	0	2500	0	0	90
4	0	0	0	0	0	0	0	0	0	0	5000	0	0	90
5	0	0	0	0	0	0	0	0	0	0	10000	0	0	81
6	0	0	0	0	0	0	0	0	0	0	20000	0	0	63
7	30053	1	0	0	0	0	0	0	0	0	30000	0	0	54
8	30073	2	0	0	0	0	0	0	0	0	45000	0	0	45
9	30033	2	0	0	0	0	0	0	0	0	75000	0	0	36
10	0	0	0	0	0	0	0	0	0	0	1000	0	0	90
11	0	0	0	0	0	0	0	0	0	0	2000	0	0	90
12	0	0	0	0	0	0	0	0	0	0	4000	0	0	90
13	0	0	0	0	0	0	0	0	0	0	8000	0	0	81
14	30030	2	0	0	0	0	0	0	0	0	13000	0	0	72
15	30075	2	0	0	0	0	0	0	0	0	20000	0	0	63
16	30056	2	27799	1	0	0	0	0	0	0	40000	0	0	54
17	30022	2	27987	1	0	0	0	0	0	0	70000	0	0	45
18	30067	2	27987	1	0	0	0	0	0	0	120000	0	0	36
19	0	0	0	0	0	0	0	0	0	0	1200	0	0	90
20	0	0	0	0	0	0	0	0	0	0	2500	0	0	90
21	0	0	0	0	0	0	0	0	0	0	5000	0	0	90
22	0	0	0	0	0	0	0	0	0	0	10000	0	0	90
23	30079	1	0	0	0	0	0	0	0	0	20000	0	0	81
24	30015	1	0	0	0	0	0	0	0	0	30000	0	0	63
25	30016	2	27992	1	0	0	0	0	0	0	45000	0	0	54
26	30089	2	27993	1	0	0	0	0	0	0	90000	0	0	45
27	30091	2	27994	1	0	0	0	0	0	0	150000	0	0	36
28	0	0	0	0	0	0	0	0	0	0	600	0	0	90
29	0	0	0	0	0	0	0	0	0	0	1200	0	0	90
30	0	0	0	0	0	0	0	0	0	0	2500	0	0	90
31	0	0	0	0	0	0	0	0	0	0	5000	0	0	90
32	0	0	0	0	0	0	0	0	0	0	10000	0	0	81
33	0	0	0	0	0	0	0	0	0	0	20000	0	0	63
34	30034	2	0	0	0	0	0	0	0	0	30000	0	0	54
35	30011	2	0	0	0	0	0	0	0	0	45000	0	0	45
36	30035	2	0	0	0	0	0	0	0	0	75000	0	0	36
37	0	0	0	0	0	0	0	0	0	0	1000	0	0	90
38	0	0	0	0	0	0	0	0	0	0	2000	0	0	90
39	0	0	0	0	0	0	0	0	0	0	4000	0	0	90
40	0	0	0	0	0	0	0	0	0	0	8000	0	0	81
41	30052	2	0	0	0	0	0	0	0	0	13000	0	0	72
42	30046	2	0	0	0	0	0	0	0	0	20000	0	0	63
43	30045	2	27799	1	0	0	0	0	0	0	40000	0	0	54
44	30025	2	27987	1	0	0	0	0	0	0	70000	0	0	45
45	30058	2	27987	1	0	0	0	0	0	0	120000	0	0	36
46	0	0	0	0	0	0	0	0	0	0	1200	0	0	90
47	0	0	0	0	0	0	0	0	0	0	2500	0	0	90
48	0	0	0	0	0	0	0	0	0	0	5000	0	0	90
49	0	0	0	0	0	0	0	0	0	0	10000	0	0	90
50	30083	2	0	0	0	0	0	0	0	0	20000	0	0	81
51	30060	2	0	0	0	0	0	0	0	0	30000	0	0	63
52	30061	2	27992	1	0	0	0	0	0	0	45000	0	0	54
53	30088	2	27993	1	0	0	0	0	0	0	90000	0	0	45
54	30019	2	27994	1	0	0	0	0	0	0	150000	0	0	36
55	0	0	0	0	0	0	0	0	0	0	600	0	0	90
56	0	0	0	0	0	0	0	0	0	0	1200	0	0	90
57	0	0	0	0	0	0	0	0	0	0	2500	0	0	90
58	0	0	0	0	0	0	0	0	0	0	5000	0	0	90
59	0	0	0	0	0	0	0	0	0	0	10000	0	0	81
60	0	0	0	0	0	0	0	0	0	0	20000	0	0	63
61	30070	2	0	0	0	0	0	0	0	0	30000	0	0	54
62	30072	2	0	0	0	0	0	0	0	0	45000	0	0	45
63	30017	2	0	0	0	0	0	0	0	0	75000	0	0	36
64	0	0	0	0	0	0	0	0	0	0	1000	0	0	90
65	0	0	0	0	0	0	0	0	0	0	2000	0	0	90
66	0	0	0	0	0	0	0	0	0	0	4000	0	0	90
67	0	0	0	0	0	0	0	0	0	0	8000	0	0	81
68	30041	1	0	0	0	0	0	0	0	0	13000	0	0	72
69	30008	2	0	0	0	0	0	0	0	0	20000	0	0	63
70	30057	1	27799	1	0	0	0	0	0	0	40000	0	0	54
71	30081	1	27987	1	0	0	0	0	0	0	70000	0	0	45
72	30077	2	27987	1	0	0	0	0	0	0	120000	0	0	36
73	0	0	0	0	0	0	0	0	0	0	1200	0	0	90
74	0	0	0	0	0	0	0	0	0	0	2500	0	0	90
75	0	0	0	0	0	0	0	0	0	0	5000	0	0	90
76	0	0	0	0	0	0	0	0	0	0	10000	0	0	81
77	30009	2	0	0	0	0	0	0	0	0	20000	0	0	72
78	30039	2	0	0	0	0	0	0	0	0	30000	0	0	63
79	30040	2	27992	1	0	0	0	0	0	0	45000	0	0	54
80	30048	2	27993	1	0	0	0	0	0	0	90000	0	0	45
81	30090	2	27994	1	0	0	0	0	0	0	150000	0	0	36
82	0	0	0	0	0	0	0	0	0	0	600	0	0	90
83	0	0	0	0	0	0	0	0	0	0	1200	0	0	90
84	0	0	0	0	0	0	0	0	0	0	2500	0	0	90
85	0	0	0	0	0	0	0	0	0	0	5000	0	0	90
86	0	0	0	0	0	0	0	0	0	0	10000	0	0	81
87	0	0	0	0	0	0	0	0	0	0	20000	0	0	63
88	30031	1	0	0	0	0	0	0	0	0	30000	0	0	54
89	30032	2	0	0	0	0	0	0	0	0	45000	0	0	45
90	30033	2	0	0	0	0	0	0	0	0	75000	0	0	36
91	0	0	0	0	0	0	0	0	0	0	1000	0	0	90
92	0	0	0	0	0	0	0	0	0	0	2000	0	0	90
93	0	0	0	0	0	0	0	0	0	0	4000	0	0	90
94	0	0	0	0	0	0	0	0	0	0	8000	0	0	81
95	30008	2	0	0	0	0	0	0	0	0	13000	0	0	72
96	30075	2	0	0	0	0	0	0	0	0	20000	0	0	63
97	30006	2	27799	1	0	0	0	0	0	0	40000	0	0	54
98	30022	1	27987	1	0	0	0	0	0	0	70000	0	0	45
99	30067	2	27987	1	0	0	0	0	0	0	120000	0	0	36
100	0	0	0	0	0	0	0	0	0	0	1200	0	0	90
101	0	0	0	0	0	0	0	0	0	0	2500	0	0	90
102	0	0	0	0	0	0	0	0	0	0	5000	0	0	90
103	0	0	0	0	0	0	0	0	0	0	10000	0	0	90
104	30079	1	0	0	0	0	0	0	0	0	20000	0	0	81
105	30015	1	0	0	0	0	0	0	0	0	30000	0	0	63
106	30086	2	27992	1	0	0	0	0	0	0	45000	0	0	54
107	30050	2	27993	1	0	0	0	0	0	0	90000	0	0	45
108	30091	2	27994	1	0	0	0	0	0	0	150000	0	0	36
109	0	0	0	0	0	0	0	0	0	0	600	0	0	90
110	0	0	0	0	0	0	0	0	0	0	1200	0	0	90
111	0	0	0	0	0	0	0	0	0	0	2500	0	0	90
112	0	0	0	0	0	0	0	0	0	0	5000	0	0	90
113	0	0	0	0	0	0	0	0	0	0	10000	0	0	81
114	0	0	0	0	0	0	0	0	0	0	20000	0	0	63
115	30071	2	0	0	0	0	0	0	0	0	30000	0	0	54
116	30018	2	0	0	0	0	0	0	0	0	45000	0	0	45
117	30017	2	0	0	0	0	0	0	0	0	75000	0	0	36
118	0	0	0	0	0	0	0	0	0	0	1000	0	0	90
119	0	0	0	0	0	0	0	0	0	0	2000	0	0	90
120	0	0	0	0	0	0	0	0	0	0	4000	0	0	90
121	0	0	0	0	0	0	0	0	0	0	8000	0	0	81
122	30005	2	0	0	0	0	0	0	0	0	13000	0	0	72
123	30076	2	0	0	0	0	0	0	0	0	20000	0	0	63
124	30051	1	27799	1	0	0	0	0	0	0	40000	0	0	54
125	30081	1	27987	1	0	0	0	0	0	0	70000	0	0	45
126	30047	2	27987	1	0	0	0	0	0	0	120000	0	0	36
127	0	0	0	0	0	0	0	0	0	0	1200	0	0	90
128	0	0	0	0	0	0	0	0	0	0	2500	0	0	90
129	0	0	0	0	0	0	0	0	0	0	5000	0	0	90
130	0	0	0	0	0	0	0	0	0	0	10000	0	0	90
131	30009	1	0	0	0	0	0	0	0	0	20000	0	0	81
132	30047	1	0	0	0	0	0	0	0	0	30000	0	0	63
133	30040	2	27992	1	0	0	0	0	0	0	45000	0	0	54
134	30049	2	27993	1	0	0	0	0	0	0	90000	0	0	45
135	30090	2	27994	1	0	0	0	0	0	0	150000	0	0	36
136	0	0	0	0	0	0	0	0	0	0	600	0	0	90
137	0	0	0	0	0	0	0	0	0	0	1200	0	0	90
138	0	0	0	0	0	0	0	0	0	0	2500	0	0	90
139	0	0	0	0	0	0	0	0	0	0	5000	0	0	90
140	0	0	0	0	0	0	0	0	0	0	10000	0	0	81
141	0	0	0	0	0	0	0	0	0	0	20000	0	0	63
142	30038	1	0	0	0	0	0	0	0	0	30000	0	0	54
143	30023	2	0	0	0	0	0	0	0	0	45000	0	0	45
144	30074	2	0	0	0	0	0	0	0	0	75000	0	0	36
145	0	0	0	0	0	0	0	0	0	0	1000	0	0	90
146	0	0	0	0	0	0	0	0	0	0	2000	0	0	90
147	0	0	0	0	0	0	0	0	0	0	4000	0	0	90
148	0	0	0	0	0	0	0	0	0	0	8000	0	0	81
149	30007	2	0	0	0	0	0	0	0	0	13000	0	0	72
150	30078	2	0	0	0	0	0	0	0	0	20000	0	0	63
151	30045	2	27799	1	0	0	0	0	0	0	40000	0	0	54
152	30055	2	27987	1	0	0	0	0	0	0	70000	0	0	45
153	30047	2	27987	1	0	0	0	0	0	0	120000	0	0	36
154	0	0	0	0	0	0	0	0	0	0	1200	0	0	90
155	0	0	0	0	0	0	0	0	0	0	2500	0	0	90
156	0	0	0	0	0	0	0	0	0	0	5000	0	0	90
157	0	0	0	0	0	0	0	0	0	0	10000	0	0	90
158	30059	2	0	0	0	0	0	0	0	0	20000	0	0	81
159	30080	2	0	0	0	0	0	0	0	0	30000	0	0	63
160	30085	2	27992	1	0	0	0	0	0	0	45000	0	0	54
161	30014	2	27993	1	0	0	0	0	0	0	90000	0	0	45
162	30042	2	27994	1	0	0	0	0	0	0	150000	0	0	36
163	0	0	0	0	0	0	0	0	0	0	600	0	0	90
164	0	0	0	0	0	0	0	0	0	0	1200	0	0	90
165	0	0	0	0	0	0	0	0	0	0	2500	0	0	90
166	0	0	0	0	0	0	0	0	0	0	5000	0	0	90
167	0	0	0	0	0	0	0	0	0	0	10000	0	0	81
168	0	0	0	0	0	0	0	0	0	0	20000	0	0	63
169	30010	2	0	0	0	0	0	0	0	0	30000	0	0	54
170	30031	1	0	0	0	0	0	0	0	0	45000	0	0	45
171	30032	2	0	0	0	0	0	0	0	0	75000	0	0	36
172	0	0	0	0	0	0	0	0	0	0	1000	0	0	90
173	0	0	0	0	0	0	0	0	0	0	2000	0	0	90
174	0	0	0	0	0	0	0	0	0	0	4000	0	0	90
175	0	0	0	0	0	0	0	0	0	0	8000	0	0	81
176	30021	2	0	0	0	0	0	0	0	0	13000	0	0	72
177	30008	2	0	0	0	0	0	0	0	0	20000	0	0	63
178	30057	2	27799	1	0	0	0	0	0	0	40000	0	0	54
179	30006	2	27987	1	0	0	0	0	0	0	70000	0	0	45
180	30022	2	27987	1	0	0	0	0	0	0	120000	0	0	36
181	0	0	0	0	0	0	0	0	0	0	1200	0	0	90
182	0	0	0	0	0	0	0	0	0	0	2500	0	0	90
183	0	0	0	0	0	0	0	0	0	0	5000	0	0	90
184	0	0	0	0	0	0	0	0	0	0	10000	0	0	90
185	30082	2	0	0	0	0	0	0	0	0	20000	0	0	81
186	30079	2	0	0	0	0	0	0	0	0	30000	0	0	63
187	30087	2	27992	1	0	0	0	0	0	0	45000	0	0	54
188	30086	2	27993	1	0	0	0	0	0	0	90000	0	0	45
189	30050	2	27994	1	0	0	0	0	0	0	150000	0	0	36
190	0	0	0	0	0	0	0	0	0	0	600	0	0	90
191	0	0	0	0	0	0	0	0	0	0	1200	0	0	90
192	0	0	0	0	0	0	0	0	0	0	2500	0	0	90
193	0	0	0	0	0	0	0	0	0	0	5000	0	0	90
194	0	0	0	0	0	0	0	0	0	0	10000	0	0	81
195	0	0	0	0	0	0	0	0	0	0	20000	0	0	63
196	30038	2	0	0	0	0	0	0	0	0	30000	0	0	54
197	30011	2	0	0	0	0	0	0	0	0	45000	0	0	45
198	30074	1	0	0	0	0	0	0	0	0	75000	0	0	36
199	0	0	0	0	0	0	0	0	0	0	1000	0	0	90
200	0	0	0	0	0	0	0	0	0	0	2000	0	0	90
201	0	0	0	0	0	0	0	0	0	0	4000	0	0	90
202	0	0	0	0	0	0	0	0	0	0	8000	0	0	81
203	30007	2	0	0	0	0	0	0	0	0	13000	0	0	72
204	30046	2	0	0	0	0	0	0	0	0	20000	0	0	63
205	30045	2	27799	1	0	0	0	0	0	0	40000	0	0	54
206	30055	2	27987	1	0	0	0	0	0	0	70000	0	0	45
207	30058	2	27987	1	0	0	0	0	0	0	120000	0	0	36
208	0	0	0	0	0	0	0	0	0	0	1200	0	0	100
209	0	0	0	0	0	0	0	0	0	0	2500	0	0	90
210	0	0	0	0	0	0	0	0	0	0	5000	0	0	90
211	0	0	0	0	0	0	0	0	0	0	10000	0	0	90
212	30059	2	0	0	0	0	0	0	0	0	20000	0	0	81
213	30060	2	0	0	0	0	0	0	0	0	30000	0	0	63
214	30061	2	27992	1	0	0	0	0	0	0	45000	0	0	54
215	30014	2	27993	1	0	0	0	0	0	0	90000	0	0	45
216	30042	2	27994	1	0	0	0	0	0	0	150000	0	0	36
217	0	0	0	0	0	0	0	0	0	0	600	0	0	90
218	0	0	0	0	0	0	0	0	0	0	1200	0	0	90
219	0	0	0	0	0	0	0	0	0	0	2500	0	0	90
220	0	0	0	0	0	0	0	0	0	0	5000	0	0	90
221	0	0	0	0	0	0	0	0	0	0	10000	0	0	81
222	0	0	0	0	0	0	0	0	0	0	20000	0	0	63
223	30071	2	0	0	0	0	0	0	0	0	30000	0	0	54
224	30023	1	0	0	0	0	0	0	0	0	45000	0	0	45
225	30074	2	0	0	0	0	0	0	0	0	75000	0	0	36
226	0	0	0	0	0	0	0	0	0	0	1000	0	0	96
227	0	0	0	0	0	0	0	0	0	0	2000	0	0	93
228	0	0	0	0	0	0	0	0	0	0	4000	0	0	90
229	0	0	0	0	0	0	0	0	0	0	8000	0	0	81
230	30005	1	0	0	0	0	0	0	0	0	13000	0	0	72
231	30078	1	0	0	0	0	0	0	0	0	20000	0	0	63
232	30051	1	27799	1	0	0	0	0	0	0	40000	0	0	54
233	30055	2	27987	1	0	0	0	0	0	0	70000	0	0	45
234	30047	2	27987	1	0	0	0	0	0	0	120000	0	0	36
235	0	0	0	0	0	0	0	0	0	0	1200	0	0	90
236	0	0	0	0	0	0	0	0	0	0	2500	0	0	90
237	0	0	0	0	0	0	0	0	0	0	5000	0	0	90
238	0	0	0	0	0	0	0	0	0	0	10000	0	0	90
239	30059	2	0	0	0	0	0	0	0	0	20000	0	0	81
240	30080	2	0	0	0	0	0	0	0	0	30000	0	0	63
241	30085	2	27992	1	0	0	0	0	0	0	45000	0	0	54
242	30049	2	27993	1	0	0	0	0	0	0	90000	0	0	45
243	30042	2	27994	1	0	0	0	0	0	0	150000	0	0	36
244	0	0	0	0	0	0	0	0	0	0	600	0	0	90
245	0	0	0	0	0	0	0	0	0	0	1200	0	0	90
246	0	0	0	0	0	0	0	0	0	0	2500	0	0	90
247	0	0	0	0	0	0	0	0	0	0	5000	0	0	90
248	0	0	0	0	0	0	0	0	0	0	10000	0	0	81
249	0	0	0	0	0	0	0	0	0	0	20000	0	0	63
250	30070	2	0	0	0	0	0	0	0	0	30000	0	0	54
251	30018	2	0	0	0	0	0	0	0	0	45000	0	0	45
252	30017	2	0	0	0	0	0	0	0	0	75000	0	0	36
253	0	0	0	0	0	0	0	0	0	0	1000	0	0	90
254	0	0	0	0	0	0	0	0	0	0	2000	0	0	90
255	0	0	0	0	0	0	0	0	0	0	4000	0	0	90
256	0	0	0	0	0	0	0	0	0	0	8000	0	0	81
257	30041	2	0	0	0	0	0	0	0	0	13000	0	0	72
258	30076	2	0	0	0	0	0	0	0	0	20000	0	0	63
259	30051	2	27799	1	0	0	0	0	0	0	40000	0	0	54
260	30081	2	27987	1	0	0	0	0	0	0	70000	0	0	45
261	30077	2	27987	1	0	0	0	0	0	0	120000	0	0	36
262	0	0	0	0	0	0	0	0	0	0	1200	0	0	90
263	0	0	0	0	0	0	0	0	0	0	2500	0	0	90
264	0	0	0	0	0	0	0	0	0	0	5000	0	0	90
265	0	0	0	0	0	0	0	0	0	0	10000	0	0	90
266	30009	2	0	0	0	0	0	0	0	0	20000	0	0	81
267	30039	2	0	0	0	0	0	0	0	0	30000	0	0	63
268	30040	2	27992	1	0	0	0	0	0	0	45000	0	0	54
269	30048	2	27993	1	0	0	0	0	0	0	90000	0	0	45
270	30090	2	27994	1	0	0	0	0	0	0	150000	0	0	36
271	0	0	0	0	0	0	0	0	0	0	600	0	0	90
272	0	0	0	0	0	0	0	0	0	0	1200	0	0	90
273	0	0	0	0	0	0	0	0	0	0	2500	0	0	90
274	0	0	0	0	0	0	0	0	0	0	5000	0	0	90
275	0	0	0	0	0	0	0	0	0	0	10000	0	0	81
276	0	0	0	0	0	0	0	0	0	0	20000	0	0	63
277	30010	1	0	0	0	0	0	0	0	0	30000	0	0	54
278	30072	2	0	0	0	0	0	0	0	0	45000	0	0	45
279	30032	1	0	0	0	0	0	0	0	0	75000	0	0	36
280	0	0	0	0	0	0	0	0	0	0	1000	0	0	90
281	0	0	0	0	0	0	0	0	0	0	2000	0	0	90
282	0	0	0	0	0	0	0	0	0	0	4000	0	0	90
283	0	0	0	0	0	0	0	0	0	0	8000	0	0	81
284	30021	1	0	0	0	0	0	0	0	0	13000	0	0	72
285	30008	1	0	0	0	0	0	0	0	0	20000	0	0	63
286	30057	1	27799	1	0	0	0	0	0	0	40000	0	0	54
287	30006	2	27987	1	0	0	0	0	0	0	70000	0	0	45
288	30077	2	27987	1	0	0	0	0	0	0	120000	0	0	36
289	0	0	0	0	0	0	0	0	0	0	1200	0	0	90
290	0	0	0	0	0	0	0	0	0	0	2500	0	0	90
291	0	0	0	0	0	0	0	0	0	0	5000	0	0	90
292	0	0	0	0	0	0	0	0	0	0	10000	0	0	90
293	30082	2	0	0	0	0	0	0	0	0	20000	0	0	81
294	30039	2	0	0	0	0	0	0	0	0	30000	0	0	63
295	30087	2	27992	1	0	0	0	0	0	0	45000	0	0	54
296	30086	2	27993	1	0	0	0	0	0	0	90000	0	0	45
297	30050	2	27994	1	0	0	0	0	0	0	150000	0	0	36
298	0	0	0	0	0	0	0	0	0	0	600	0	0	90
299	0	0	0	0	0	0	0	0	0	0	1200	0	0	90
300	0	0	0	0	0	0	0	0	0	0	2500	0	0	90
301	0	0	0	0	0	0	0	0	0	0	5000	0	0	90
302	0	0	0	0	0	0	0	0	0	0	10000	0	0	81
303	0	0	0	0	0	0	0	0	0	0	20000	0	0	63
304	30053	1	0	0	0	0	0	0	0	0	30000	0	0	54
305	30073	1	0	0	0	0	0	0	0	0	45000	0	0	45
306	30035	2	0	0	0	0	0	0	0	0	75000	0	0	36
307	0	0	0	0	0	0	0	0	0	0	1000	0	0	90
308	0	0	0	0	0	0	0	0	0	0	2000	0	0	90
309	0	0	0	0	0	0	0	0	0	0	4000	0	0	90
310	0	0	0	0	0	0	0	0	0	0	8000	0	0	81
311	30030	2	0	0	0	0	0	0	0	0	13000	0	0	72
312	30075	2	0	0	0	0	0	0	0	0	20000	0	0	63
313	30056	2	27799	1	0	0	0	0	0	0	40000	0	0	54
314	30025	2	27987	1	0	0	0	0	0	0	70000	0	0	45
315	30067	2	27987	1	0	0	0	0	0	0	120000	0	0	36
316	0	0	0	0	0	0	0	0	0	0	1200	0	0	90
317	0	0	0	0	0	0	0	0	0	0	2500	0	0	90
318	0	0	0	0	0	0	0	0	0	0	5000	0	0	90
319	0	0	0	0	0	0	0	0	0	0	10000	0	0	90
320	30083	2	0	0	0	0	0	0	0	0	20000	0	0	81
321	30015	2	0	0	0	0	0	0	0	0	30000	0	0	63
322	30016	2	27992	1	0	0	0	0	0	0	45000	0	0	54
323	30089	2	27993	1	0	0	0	0	0	0	90000	0	0	45
324	30019	2	27994	1	0	0	0	0	0	0	150000	0	0	36
325	0	0	0	0	0	0	0	0	0	0	600	0	0	90
326	0	0	0	0	0	0	0	0	0	0	1200	0	0	90
327	0	0	0	0	0	0	0	0	0	0	2500	0	0	90
328	0	0	0	0	0	0	0	0	0	0	5000	0	0	90
329	0	0	0	0	0	0	0	0	0	0	10000	0	0	81
330	0	0	0	0	0	0	0	0	0	0	20000	0	0	63
331	30034	2	0	0	0	0	0	0	0	0	30000	0	0	54
332	30073	2	0	0	0	0	0	0	0	0	45000	0	0	45
333	30035	2	0	0	0	0	0	0	0	0	75000	0	0	36
334	0	0	0	0	0	0	0	0	0	0	1000	0	0	90
335	0	0	0	0	0	0	0	0	0	0	2000	0	0	90
336	0	0	0	0	0	0	0	0	0	0	4000	0	0	90
337	0	0	0	0	0	0	0	0	0	0	8000	0	0	81
338	30052	2	0	0	0	0	0	0	0	0	13000	0	0	72
339	30046	2	0	0	0	0	0	0	0	0	20000	0	0	63
340	30056	2	27799	1	0	0	0	0	0	0	40000	0	0	54
341	30025	2	27987	1	0	0	0	0	0	0	70000	0	0	45
342	30058	2	27987	1	0	0	0	0	0	0	120000	0	0	36
343	0	0	0	0	0	0	0	0	0	0	1200	0	0	100
344	0	0	0	0	0	0	0	0	0	0	2500	0	0	90
345	0	0	0	0	0	0	0	0	0	0	5000	0	0	90
346	0	0	0	0	0	0	0	0	0	0	10000	0	0	90
347	30083	2	0	0	0	0	0	0	0	0	20000	0	0	81
348	30060	2	0	0	0	0	0	0	0	0	30000	0	0	63
349	30061	2	30193	2	0	0	0	0	0	0	45000	0	0	54
350	30088	2	30193	4	0	0	0	0	0	0	90000	0	0	45
351	30019	2	30193	8	0	0	0	0	0	0	150000	0	0	36
352	0	0	0	0	0	0	0	0	0	0	3000	0	0	90
353	0	0	0	0	0	0	0	0	0	0	6000	0	0	90
354	0	0	0	0	0	0	0	0	0	0	12000	0	0	90
355	0	0	0	0	0	0	0	0	0	0	25000	0	0	81
356	0	0	0	0	0	0	0	0	0	0	40000	0	0	72
357	0	0	0	0	0	0	0	0	0	0	60000	0	0	63
358	0	0	0	0	0	0	0	0	0	0	90000	0	0	54
359	0	0	0	0	0	0	0	0	0	0	120000	0	0	45
360	0	0	0	0	0	0	0	0	0	0	150000	0	0	36
361	33030	1	30611	1	0	0	0	0	0	0	1000000	0	0	90
362	33030	2	30611	1	0	0	0	0	0	0	2000000	0	0	90
363	33030	4	30611	1	0	0	0	0	0	0	4000000	0	0	90
364	33030	8	30611	2	0	0	0	0	0	0	8000000	0	0	81
365	33030	16	30611	2	0	0	0	0	0	0	10000000	0	0	72
366	33030	32	30611	3	0	0	0	0	0	0	12000000	0	0	63
367	33030	64	30616	1	27992	5	0	0	0	0	16000000	0	0	54
368	33030	128	30617	1	27993	3	0	0	0	0	20000000	0	0	45
369	33030	200	30618	1	27994	1	0	0	0	0	50000000	0	0	36
390	33029	1	0	0	0	0	0	0	0	0	1000000	0	0	90
391	33029	2	30612	1	0	0	0	0	0	0	2000000	0	0	90
392	33029	4	30612	1	0	0	0	0	0	0	4000000	0	0	90
393	33029	8	30612	2	0	0	0	0	0	0	8000000	0	0	81
394	33029	16	30612	2	0	0	0	0	0	0	10000000	0	0	72
395	33029	32	30612	3	0	0	0	0	0	0	12000000	0	0	63
396	33029	64	30616	1	27992	5	0	0	0	0	16000000	0	0	54
397	33029	128	30617	1	27993	3	0	0	0	0	20000000	0	0	45
398	33029	200	30618	1	27994	1	0	0	0	0	50000000	0	0	36
400	30192	2	0	0	0	0	0	0	0	0	20000	0	0	54
401	30194	2	0	0	0	0	0	0	0	0	30000	0	0	45
421	30604	2	0	0	0	0	0	0	0	0	1000000	0	0	100
422	30604	2	30612	1	0	0	0	0	0	0	1250000	0	0	70
423	30604	3	30612	1	0	0	0	0	0	0	1500000	0	0	60
424	30604	3	30612	2	0	0	0	0	0	0	1800000	0	0	60
425	30604	3	30612	2	0	0	0	0	0	0	2250000	0	0	60
426	30604	4	30612	3	0	0	0	0	0	0	2700000	0	0	60
427	30610	4	30616	1	0	0	0	0	0	0	3200000	0	0	60
428	30610	4	30617	1	0	0	0	0	0	0	4000000	0	0	50
429	30610	5	30618	1	0	0	0	0	0	0	5000000	0	0	50
431	30604	2	0	0	0	0	0	0	0	0	1000000	0	0	80
432	30604	2	30612	1	0	0	0	0	0	0	1250000	0	0	70
433	30604	3	30612	1	0	0	0	0	0	0	1500000	0	0	60
434	30604	3	30612	2	0	0	0	0	0	0	1800000	0	0	60
435	30604	3	30612	2	0	0	0	0	0	0	2250000	0	0	60
436	30604	4	30612	3	0	0	0	0	0	0	2700000	0	0	60
437	30610	4	30616	1	0	0	0	0	0	0	3200000	0	0	60
438	30610	4	30617	1	0	0	0	0	0	0	4000000	0	0	50
439	30610	5	30618	1	0	0	0	0	0	0	5000000	0	0	50
440	96001	1	30031	1	33031	10	0	0	0	0	50000	0	0	90
441	96001	1	30031	1	33031	10	0	0	0	0	50000	0	0	85
442	96001	1	30031	1	33031	10	0	0	0	0	50000	0	0	80
443	96001	1	30031	1	33031	10	0	0	0	0	50000	0	0	75
444	96001	1	30031	1	33031	10	0	0	0	0	50000	0	0	70
445	96001	1	30031	1	33031	10	0	0	0	0	50000	0	0	65
446	96001	1	30031	1	33031	10	0	0	0	0	50000	0	0	60
447	96001	1	30031	1	33031	10	0	0	0	0	50000	0	0	55
448	96001	1	30031	1	33031	10	0	0	0	0	50000	0	0	50
449	96001	1	30031	1	33031	10	0	0	0	0	50000	0	0	45
450	96006	1	30031	1	33031	10	0	0	0	0	50000	0	0	90
451	96006	1	30031	1	33031	10	0	0	0	0	50000	0	0	85
452	96006	1	30031	1	33031	10	0	0	0	0	50000	0	0	80
453	96006	1	30031	1	33031	10	0	0	0	0	50000	0	0	75
454	96006	1	30031	1	33031	10	0	0	0	0	50000	0	0	70
455	96006	1	30031	1	33031	10	0	0	0	0	50000	0	0	65
456	96006	1	30031	1	33031	10	0	0	0	0	50000	0	0	60
457	96006	1	30031	1	33031	10	0	0	0	0	50000	0	0	55
458	96006	1	30031	1	33031	10	0	0	0	0	50000	0	0	50
459	96006	1	30031	1	33031	10	0	0	0	0	50000	0	0	45
460	96002	1	30031	1	33031	10	0	0	0	0	50000	0	0	90
461	96002	1	30031	1	33031	10	0	0	0	0	50000	0	0	85
462	96002	1	30031	1	33031	10	0	0	0	0	50000	0	0	80
463	96002	1	30031	1	33031	10	0	0	0	0	50000	0	0	75
464	96002	1	30031	1	33031	10	0	0	0	0	50000	0	0	70
465	96002	1	30031	1	33031	10	0	0	0	0	50000	0	0	65
466	96002	1	30031	1	33031	10	0	0	0	0	50000	0	0	60
467	96002	1	30031	1	33031	10	0	0	0	0	50000	0	0	55
468	96002	1	30031	1	33031	10	0	0	0	0	50000	0	0	50
469	96002	1	30031	1	33031	10	0	0	0	0	50000	0	0	45
470	96005	1	30031	1	33031	10	0	0	0	0	50000	0	0	90
471	96005	1	30031	1	33031	10	0	0	0	0	50000	0	0	85
472	96005	1	30031	1	33031	10	0	0	0	0	50000	0	0	80
473	96005	1	30031	1	33031	10	0	0	0	0	50000	0	0	75
474	96005	1	30031	1	33031	10	0	0	0	0	50000	0	0	70
475	96005	1	30031	1	33031	10	0	0	0	0	50000	0	0	65
476	96005	1	30031	1	33031	10	0	0	0	0	50000	0	0	60
477	96005	1	30031	1	33031	10	0	0	0	0	50000	0	0	55
478	96005	1	30031	1	33031	10	0	0	0	0	50000	0	0	50
479	96005	1	30031	1	33031	10	0	0	0	0	50000	0	0	45
480	96003	1	30031	1	33031	10	0	0	0	0	50000	0	0	90
481	96003	1	30031	1	33031	10	0	0	0	0	50000	0	0	85
482	96003	1	30031	1	33031	10	0	0	0	0	50000	0	0	80
483	96003	1	30031	1	33031	10	0	0	0	0	50000	0	0	75
484	96003	1	30031	1	33031	10	0	0	0	0	50000	0	0	70
485	96003	1	30031	1	33031	10	0	0	0	0	50000	0	0	65
486	96003	1	30031	1	33031	10	0	0	0	0	50000	0	0	60
487	96003	1	30031	1	33031	10	0	0	0	0	50000	0	0	55
488	96003	1	30031	1	33031	10	0	0	0	0	50000	0	0	50
489	96003	1	30031	1	33031	10	0	0	0	0	50000	0	0	45
490	96004	1	30031	1	33031	10	0	0	0	0	50000	0	0	90
491	96004	1	30031	1	33031	10	0	0	0	0	50000	0	0	85
492	96004	1	30031	1	33031	10	0	0	0	0	50000	0	0	80
493	96004	1	30031	1	33031	10	0	0	0	0	50000	0	0	75
494	96004	1	30031	1	33031	10	0	0	0	0	50000	0	0	70
495	96004	1	30031	1	33031	10	0	0	0	0	50000	0	0	65
496	96004	1	30031	1	33031	10	0	0	0	0	50000	0	0	60
497	96004	1	30031	1	33031	10	0	0	0	0	50000	0	0	55
498	96004	1	30031	1	33031	10	0	0	0	0	50000	0	0	50
499	96004	1	30031	1	33031	10	0	0	0	0	50000	0	0	45
501	25040	2	70031	1	0	0	0	0	0	0	100000	0	0	100
502	0	0	0	0	0	0	0	0	0	0	120000	0	0	100
503	0	0	0	0	0	0	0	0	0	0	140000	0	0	90
504	0	0	0	0	0	0	0	0	0	0	170000	0	0	81
505	0	0	0	0	0	0	0	0	0	0	200000	0	0	72
506	0	0	0	0	0	0	0	0	0	0	240000	0	0	63
507	30050	2	0	0	0	0	0	0	0	0	290000	0	0	54
508	30083	2	27992	1	0	0	0	0	0	0	340000	0	0	45
509	30040	2	27993	1	0	0	0	0	0	0	410000	0	0	36
510	30089	2	27994	1	0	0	0	0	0	0	500000	0	0	36
530	71123	3	71129	4	0	0	0	0	0	0	1000000	0	0	100
531	0	0	0	0	0	0	0	0	0	0	7500	0	0	100
532	0	0	0	0	0	0	0	0	0	0	15000	0	0	90
533	0	0	0	0	0	0	0	0	0	0	25000	0	0	90
534	30196	2	0	0	0	0	0	0	0	0	40000	0	0	90
535	30090	3	0	0	0	0	0	0	0	0	65000	0	0	81
536	30195	2	0	0	0	0	0	0	0	0	90000	0	0	63
537	30197	4	27992	1	0	0	0	0	0	0	120000	0	0	54
538	30198	2	27993	1	0	0	0	0	0	0	150000	0	0	45
539	30199	2	27994	1	0	0	0	0	0	0	200000	0	0	36
601	51001	10	0	0	0	0	0	0	0	0	100000	0	0	100
602	51001	15	0	0	0	0	0	0	0	0	125000	0	0	90
603	51001	20	0	0	0	0	0	0	0	0	150000	0	0	90
604	51001	30	0	0	0	0	0	0	0	0	180000	0	0	90
605	51001	45	0	0	0	0	0	0	0	0	225000	0	0	81
606	51001	65	0	0	0	0	0	0	0	0	270000	0	0	63
607	51001	95	0	0	0	0	0	0	0	0	320000	0	0	54
608	51001	140	0	0	0	0	0	0	0	0	400000	0	0	45
609	51001	200	0	0	0	0	0	0	0	0	500000	0	0	36
610	25040	2	70031	3	51001	100	0	0	0	0	10000000	0	0	100
611	30604	1	0	0	0	0	0	0	0	0	75000	0	0	100
612	30604	1	30610	1	0	0	0	0	0	0	150000	0	0	90
613	30604	2	30610	1	0	0	0	0	0	0	250000	0	0	90
614	30604	2	30610	2	0	0	0	0	0	0	400000	0	0	90
615	30604	3	30610	2	0	0	0	0	0	0	600000	0	0	81
616	30604	3	30610	3	0	0	0	0	0	0	900000	0	0	63
617	30616	1	30610	3	0	0	0	0	0	0	1200000	0	0	54
618	30617	1	30610	4	0	0	0	0	0	0	1500000	0	0	45
619	30618	1	30610	4	0	0	0	0	0	0	2500000	0	0	36
620	25041	1	30623	3	30624	2	0	0	0	0	20000000	0	0	100
621	30626	1	30629	1	0	0	0	0	0	0	330000	0	0	100
622	30626	1	30629	1	0	0	0	0	0	0	425000	0	0	90
623	30626	2	30629	2	0	0	0	0	0	0	540000	0	0	90
624	30626	2	30629	2	0	0	0	0	0	0	720000	0	0	90
625	30626	3	30629	3	0	0	0	0	0	0	800000	0	0	81
626	30627	2	30629	3	0	0	0	0	0	0	900000	0	0	63
627	30627	2	30616	1	0	0	0	0	0	0	950000	0	0	54
628	30627	3	30617	1	0	0	0	0	0	0	1300000	0	0	45
629	30624	2	30618	1	0	0	0	0	0	0	1500000	0	0	36
630	25040	2	30623	3	30624	2	0	0	0	0	20000000	0	0	100
631	30625	1	30629	1	0	0	0	0	0	0	330000	0	0	100
632	30625	1	30629	1	0	0	0	0	0	0	425000	0	0	90
633	30625	2	30629	2	0	0	0	0	0	0	540000	0	0	90
634	30625	2	30629	2	0	0	0	0	0	0	720000	0	0	90
635	30625	3	30629	3	0	0	0	0	0	0	800000	0	0	81
636	30628	2	30629	3	0	0	0	0	0	0	900000	0	0	63
637	30628	2	30616	2	0	0	0	0	0	0	950000	0	0	54
638	30628	3	30617	2	0	0	0	0	0	0	1300000	0	0	45
639	30624	2	30618	2	0	0	0	0	0	0	1500000	0	0	36
640	0	0	0	0	0	0	0	0	0	0	1200	0	0	90
680	72353	6	81000	1	0	0	0	0	0	0	1000000	0	0	90
681	72353	12	81001	1	0	0	0	0	0	0	1500000	0	0	80
682	72353	18	81002	1	0	0	0	0	0	0	2000000	0	0	70
683	72353	24	81003	1	0	0	0	0	0	0	2500000	0	0	60
684	72353	30	81004	1	0	0	0	0	0	0	3000000	0	0	55
685	72353	36	81005	1	0	0	0	0	0	0	3500000	0	0	50
686	72353	42	81006	1	0	0	0	0	0	0	4000000	0	0	45
687	72353	48	81007	1	0	0	0	0	0	0	4500000	0	0	40
688	72353	54	81008	1	0	0	0	0	0	0	5000000	0	0	35
689	72353	6	81250	1	0	0	0	0	0	0	1000000	0	0	90
690	72353	12	81251	1	0	0	0	0	0	0	1500000	0	0	80
691	72353	18	81252	1	0	0	0	0	0	0	2000000	0	0	70
692	72353	24	81253	1	0	0	0	0	0	0	2500000	0	0	60
693	72353	30	81254	1	0	0	0	0	0	0	3000000	0	0	55
694	72353	36	81255	1	0	0	0	0	0	0	3500000	0	0	50
695	72353	42	81256	1	0	0	0	0	0	0	4000000	0	0	45
696	72353	48	81257	1	0	0	0	0	0	0	4500000	0	0	40
697	72353	54	81258	1	0	0	0	0	0	0	5000000	0	0	35
698	72353	6	81300	1	0	0	0	0	0	0	1000000	0	0	90
699	72353	12	81301	1	0	0	0	0	0	0	1500000	0	0	80
700	72353	18	81302	1	0	0	0	0	0	0	2000000	0	0	70
701	72353	24	81303	1	0	0	0	0	0	0	2500000	0	0	60
702	72353	30	81304	1	0	0	0	0	0	0	3000000	0	0	55
703	72353	36	81305	1	0	0	0	0	0	0	3500000	0	0	50
704	72353	42	81306	1	0	0	0	0	0	0	4000000	0	0	45
705	72353	48	81307	1	0	0	0	0	0	0	4500000	0	0	40
706	72353	54	81308	1	0	0	0	0	0	0	5000000	0	0	35
707	72353	6	81550	1	0	0	0	0	0	0	1000000	0	0	90
708	72353	12	81551	1	0	0	0	0	0	0	1500000	0	0	80
709	72353	18	81552	1	0	0	0	0	0	0	2000000	0	0	70
710	72353	24	81553	1	0	0	0	0	0	0	2500000	0	0	60
711	72353	30	81554	1	0	0	0	0	0	0	3000000	0	0	55
712	72353	36	81555	1	0	0	0	0	0	0	3500000	0	0	50
713	72353	42	81556	1	0	0	0	0	0	0	4000000	0	0	45
714	72353	48	81557	1	0	0	0	0	0	0	4500000	0	0	40
715	72353	54	81558	1	0	0	0	0	0	0	5000000	0	0	35
800	31251	10	0	0	0	0	0	0	0	0	250000	0	0	90
801	31251	20	0	0	0	0	0	0	0	0	300000	0	0	80
802	31251	30	0	0	0	0	0	0	0	0	350000	0	0	70
803	31251	40	0	0	0	0	0	0	0	0	400000	0	0	60
804	31251	50	31252	2	0	0	0	0	0	0	450000	0	0	55
805	31251	50	31252	2	27992	1	0	0	0	0	500000	0	0	50
806	31251	100	31252	3	30618	1	0	0	0	0	550000	0	0	45
807	31251	100	31252	4	27993	1	0	0	0	0	600000	0	0	40
808	31251	200	31252	5	27994	1	0	0	0	0	650000	0	0	35
810	0	0	0	0	0	0	0	0	0	0	250000	0	0	90
811	0	0	0	0	0	0	0	0	0	0	300000	0	0	80
812	0	0	0	0	0	0	0	0	0	0	350000	0	0	70
813	31216	15	31217	5	0	0	0	0	0	0	400000	0	0	60
814	31216	20	31217	7	0	0	0	0	0	0	450000	0	0	55
815	31216	25	31217	10	0	0	0	0	0	0	500000	0	0	50
816	31218	15	31224	5	27992	1	0	0	0	0	550000	0	0	45
817	31218	20	31224	7	27993	1	0	0	0	0	600000	0	0	40
818	31218	25	31224	10	27994	1	0	0	0	0	650000	0	0	35
571	31123	5	0	0	0	0	0	0	0	0	450000	0	0	90
572	31123	5	0	0	0	0	0	0	0	0	530000	0	0	80
573	31123	10	31125	3	0	0	0	0	0	0	640000	0	0	70
574	31123	10	31125	3	0	0	0	0	0	0	770000	0	0	60
575	31123	15	31125	5	0	0	0	0	0	0	1550000	0	0	55
576	31123	15	31125	5	0	0	0	0	0	0	3330000	0	0	50
577	31127	2	27992	1	0	0	0	0	0	0	5670000	0	0	45
578	31128	2	27993	1	0	0	0	0	0	0	7010000	0	0	40
579	31129	2	27994	1	0	0	0	0	0	0	8350000	0	0	35
580	31130	2	31133	1	31136	1	0	0	0	0	9690000	0	0	35
581	31130	2	31133	2	31136	1	0	0	0	0	11100000	0	0	35
582	31132	3	31134	1	31137	1	0	0	0	0	12500000	0	0	35
583	31132	3	31134	2	31137	1	0	0	0	0	14300000	0	0	35
584	31132	5	31135	1	31138	1	0	0	0	0	16000000	0	0	35
585	31132	5	31135	2	31138	1	0	0	0	0	19200000	0	0	35
720	31242	10	70411	1	0	0	0	0	0	0	450000	0	0	90
721	31242	20	70411	1	0	0	0	0	0	0	530000	0	0	80
722	31243	10	70411	1	50662	2	0	0	0	0	640000	0	0	70
723	31242	30	70411	1	50663	2	0	0	0	0	770000	0	0	60
724	31243	20	70411	1	30617	2	0	0	0	0	1550000	0	0	55
725	31242	40	70411	1	30616	2	0	0	0	0	3330000	0	0	50
726	31243	30	31239	1	31237	2	0	0	0	0	5670000	0	0	45
727	31242	50	31240	1	31235	2	0	0	0	0	7010000	0	0	40
728	31243	40	31241	1	31236	2	0	0	0	0	8350000	0	0	35
729	31242	60	31239	1	27992	2	0	0	0	0	9690000	0	0	35
730	31243	50	31240	1	27993	2	0	0	0	0	11100000	0	0	35
731	31242	70	31241	1	27994	2	0	0	0	0	12500000	0	0	35
732	31243	60	31239	1	30618	1	0	0	0	0	14300000	0	0	35
733	31242	80	31240	1	30618	1	0	0	0	0	16000000	0	0	35
734	31243	70	31241	1	30618	1	0	0	0	0	19200000	0	0	35
551	31122	5	0	0	0	0	0	0	0	0	450000	0	0	90
552	31122	5	0	0	0	0	0	0	0	0	530000	0	0	80
553	31122	10	31124	3	0	0	0	0	0	0	640000	0	0	70
554	31122	10	31124	3	0	0	0	0	0	0	770000	0	0	60
555	31122	15	31124	5	0	0	0	0	0	0	1550000	0	0	55
556	31122	15	31124	5	0	0	0	0	0	0	3330000	0	0	50
557	31126	2	27992	1	0	0	0	0	0	0	5670000	0	0	45
558	31128	2	27993	1	0	0	0	0	0	0	7010000	0	0	40
559	31129	2	27994	1	0	0	0	0	0	0	8350000	0	0	35
560	31130	2	31133	2	31136	1	0	0	0	0	9690000	0	0	35
561	31130	2	31133	3	31136	1	0	0	0	0	11100000	0	0	35
562	31131	3	31134	2	31137	1	0	0	0	0	12500000	0	0	35
563	31131	3	31134	3	31137	1	0	0	0	0	14300000	0	0	35
564	31131	5	31135	2	31138	1	0	0	0	0	16000000	0	0	35
565	31131	5	31135	3	31138	1	0	0	0	0	19200000	0	0	35
661	31149	5	0	0	0	0	0	0	0	0	450000	0	0	90
662	31149	5	0	0	0	0	0	0	0	0	530000	0	0	80
663	31149	10	31121	3	0	0	0	0	0	0	640000	0	0	70
664	31149	10	31121	3	0	0	0	0	0	0	770000	0	0	60
665	31149	15	31121	5	0	0	0	0	0	0	1550000	0	0	55
666	31149	15	31121	5	0	0	0	0	0	0	3330000	0	0	50
667	31126	2	27992	1	0	0	0	0	0	0	5670000	0	0	45
668	31128	2	27993	1	0	0	0	0	0	0	7010000	0	0	40
669	31129	2	27994	1	0	0	0	0	0	0	8350000	0	0	35
670	31131	2	31133	1	31136	1	0	0	0	0	9690000	0	0	35
671	31131	2	31133	2	31136	1	0	0	0	0	11100000	0	0	35
672	31132	3	31134	1	31137	1	0	0	0	0	12500000	0	0	35
673	31132	3	31134	2	31137	1	0	0	0	0	14300000	0	0	35
674	31130	5	31135	1	31138	1	0	0	0	0	16000000	0	0	35
675	31130	5	31135	2	31138	1	0	0	0	0	19200000	0	0	35
735	31233	10	70429	1	0	0	0	0	0	0	150000	0	0	90
736	31233	20	70429	1	0	0	0	0	0	0	180000	0	0	80
737	31234	10	50662	2	70429	1	0	0	0	0	216000	0	0	70
738	31233	30	50663	2	70429	1	0	0	0	0	260000	0	0	60
739	31234	20	30617	2	70429	1	0	0	0	0	310000	0	0	55
740	31233	40	30616	2	70429	1	0	0	0	0	370000	0	0	50
741	31234	30	31257	50	31239	1	0	0	0	0	450000	0	0	45
742	31233	50	31258	50	31240	1	0	0	0	0	530000	0	0	40
743	31234	40	70428	20	31241	1	0	0	0	0	640000	0	0	35
744	31233	60	27992	2	31239	1	0	0	0	0	770000	0	0	35
745	31234	50	27993	2	31240	1	0	0	0	0	920000	0	0	35
746	31233	70	27994	2	31241	1	0	0	0	0	1110000	0	0	35
747	31234	60	30618	1	31239	1	0	0	0	0	1330000	0	0	35
748	31233	80	30618	1	31240	1	0	0	0	0	1600000	0	0	35
749	31234	70	30618	1	31241	1	0	0	0	0	1920000	0	0	35
761	31261	30	72353	10	81560	1	31270	1	0	0	450000	0	0	90
762	31261	40	72353	10	81560	1	31271	2	0	0	530000	0	0	80
763	31261	50	72353	10	81560	1	31272	3	0	0	640000	0	0	70
764	31261	60	72353	10	81560	1	31273	4	0	0	770000	0	0	60
765	31261	60	72353	10	81560	1	31275	5	0	0	920000	0	0	55
766	31261	60	72353	10	81560	1	31276	6	0	0	1110000	0	0	50
767	31261	100	31239	1	81560	1	31277	7	0	0	1330000	0	0	45
768	31261	100	31240	1	81560	1	31278	8	0	0	1600000	0	0	40
769	31261	200	31241	1	81560	1	31279	9	0	0	1920000	0	0	35
770	30661	1	0	0	0	0	0	0	0	0	250000	0	0	100
771	30661	2	0	0	0	0	0	0	0	0	300000	0	0	100
772	30661	2	0	0	0	0	0	0	0	0	350000	0	0	100
773	30661	3	27992	1	30656	3	0	0	0	0	400000	0	0	100
774	30661	3	27993	1	30656	4	0	0	0	0	450000	0	0	100
775	30661	6	27994	1	30656	5	0	0	0	0	500000	0	0	100
776	30661	9	30617	1	30658	3	0	0	0	0	550000	0	0	100
777	30661	12	30616	1	30658	4	0	0	0	0	600000	0	0	100
778	30661	15	30618	1	30659	5	0	0	0	0	650000	0	0	100
750	31244	10	0	0	0	0	0	0	0	0	250000	0	0	100
751	31244	20	0	0	0	0	0	0	0	0	300000	0	0	100
752	31244	30	27992	1	0	0	0	0	0	0	350000	0	0	100
753	31244	40	27993	1	0	0	0	0	0	0	400000	0	0	100
754	31244	50	27994	1	0	0	0	0	0	0	450000	0	0	100
755	31244	50	31239	1	0	0	0	0	0	0	500000	0	0	100
756	31244	100	31240	1	0	0	0	0	0	0	550000	0	0	100
757	31244	100	31241	1	0	0	0	0	0	0	600000	0	0	100
758	31244	200	30618	1	0	0	0	0	0	0	650000	0	0	100