Group	CofreMinerales
{
	Vnum	30098
	1	50602	10	1
	2	50603	10	1
	3	50604	10	1
	4	50605	10	1
	5	50606	10	1
	6	50607	10	1
	7	50608	10	1
	8	50609	10	1
	9	50610	10	1
	10	50611	10	1
	11	50612	10	1
	12	50613	10	1
	13	50614	10	1
}
Group	CofreMinerales2
{
	Vnum	30099
	1	50615	10	1
	2	50616	10	1
	3	50617	10	1
	4	50618	10	1
}
Group	CofreMinerales2
{
	Vnum	30100
	1	50701	10	1
	2	50702	10	1
	3	50703	10	1
	4	50704	10	1
	5	50705	10	1
	6	50706	10	1
	7	50707	10	1
	8	50708	10	1
}
Group	CajaElixirS
{
	Vnum	77900
	1	55101	1	30
	2	55108	1	30
	3	55115	1	30
}
Group	CajaElixirM
{
	Vnum	77901
	1	55102	1	30
	2	55109	1	30
	3	55116	1	30
}
Group	CajaElixirL
{
	Vnum	77902
	1	55101	1	30
	2	55108	1	30
	3	55115	1	30
}
Group	CajaElixirXL
{
	Vnum	77903
	1	55104	1	30
	2	55111	1	30
	3	55118	1	30
}
Group	Cajaslecturas
{
	Vnum	77904
	1	71094	1	30
	2	71094	2	30
	3	71001	1	30
	4	71001	2	30
	5	70102	1	30
	6	70102	5	20
}
Group 아귀대제의상자
{
	Vnum	80030
	1	71084	100	1
	2	71084	200	1
	3	71084	50	1
	4	7000500	10	1
	5	55101	1	1
	6	55108	1	1
	7	55115	1	1
	8	71035	1	1
	9	30250	1	1
	10	72320	1	1
	11	27992	1	1
	12	27993	1	1
	13	27994	1	1
	14	96005	1	1
	15	100300	1	1
	16	50255	5	1
	17	50255	10	1
	18	80064	10	1
	19	25041	1	1
	20	80063	20	1
}
Group 아귀대제의상자
{
	Vnum	50082
	1	71084	100	1
	2	71084	200	1
	3	71084	50	1
	4	55101	1	1
	5	55108	1	1
	6	55115	1	1
	7	80025	5	1
	8	71035	1	1
	9	30250	1	1
	10	72320	1	1
	11	72346	1	1
	12	27992	1	1
	13	27993	1	1
	14	27994	1	1
	15	96004	1	1
	16	100300	1	1
	17	100400	1	1
	18	5120	1	1
	19	3160	1	1
	20	2170	1	1
	21	1130	1	1
	22	190	1	1
	23	180	1	1
	24	50255	10	1
	25	50255	15	1
	26	80063	20	1
}
Group 아귀대제의상자
{
	Vnum	51112
	1	71084	100	1
	2	71084	200	1
	3	71084	50	1
	4	7000500	10	1
	5	7004300	10	1
	6	55101	1	1
	7	55108	1	1
	8	55115	1	1
	9	71035	1	1
	10	30250	1	1
	11	72320	1	1
	12	72346	1	1
	13	27992	1	1
	14	27993	1	1
	15	27994	1	1
	16	96006	1	1
	17	100300	1	1
	18	100400	1	1
	19	71301	1	1
	20	50255	20	1
	21	50255	25	1
	22	300008	1	1
	23	15430	1	1
	24	15410	1	1
	25	15390	1	1
	26	15370	1	1
	27	12280	1	1
	28	12400	1	1
	29	12540	1	1
	30	12680	1	1
	31	80063	20	1
}
Group 아귀대제의상자
{
	Vnum	50186
	1	71084	100	4
	2	71084	200	4
	3	71084	50	4
	4	7000500	15	4
	5	7004300	15	4
	6	39072	3	4
	7	55101	1	4
	8	55108	1	4
	9	71035	1	4
	10	30250	1	4
	11	72320	1	4
	12	72346	1	4
	13	72065	1	4
	14	27992	1	4
	15	27993	1	4
	16	27994	1	4
	17	50569	1	4
	18	50570	1	4
	19	50571	1	4
	20	50572	1	4
	21	50573	1	4
	22	50574	1	4
	23	50575	1	4
	24	100400	1	4
	25	50255	10	4
	26	50255	20	4
	27	96004	1	4
	28	71301	1	4
	29	17220	1	4
	30	16220	1	4
	31	14220	1	4
	32	13140	1	4
	33	25041	1	4
	34	80063	50	4
	35	25050	1	1
}
Group razador
{
	Vnum	51110
	1	71084	200	4
	2	71084	300	4
	3	71084	100	4
	4	7000500	20	4
	5	7004300	20	4
	6	55101	1	4
	7	55108	1	4
	8	55115	1	4
	9	71035	1	4
	10	30250	1	4
	11	72320	1	4
	12	72346	1	4
	13	27992	1	4
	14	27993	1	4
	15	27994	1	4
	16	25041	1	4
	17	50569	1	4
	18	50570	1	4
	19	50571	1	4
	20	50572	1	4
	21	50573	1	4
	22	50574	1	4
	23	50575	1	4
	24	100400	2	4
	25	100500	2	4
	26	71301	1	4
	27	50255	20	4
	28	50255	30	4
	29	96001	1	4
	30	71302	20	4
	31	30623	1	4
	32	30624	1	4
	33	30601	1	4
	34	30603	1	4
	35	30614	1	4
	36	300010	1	4
	37	80063	100	4
	38	25051	1	1
}
Group Nemere
{
	Vnum	51111
	1	71084	200	4
	2	71084	300	4
	3	71084	100	4
	4	7000500	20	4
	5	7004300	20	4
	6	55101	1	4
	7	55108	1	4
	8	55115	1	4
	9	71035	1	4
	10	30250	1	4
	11	72320	1	4
	12	72346	1	4
	13	27992	1	4
	14	27993	1	4
	15	27994	1	4
	16	25041	1	1
	17	50569	1	4
	18	50570	1	4
	19	50571	1	4
	20	50572	1	4
	21	50573	1	4
	22	50574	1	4
	23	50575	1	4
	24	100400	2	4
	25	100500	2	4
	26	71301	1	4
	27	50255	20	4
	28	50255	30	4
	29	96002	1	4
	30	71302	20	4
	31	80063	150	4
	32	80063	100	4
	33	30615	1	4
	34	30602	1	4
	35	30600	1	4
	36	30525	1	4
	37	30623	1	4
	38	25051	1	1
}
Group hydra
{
	Vnum	54705
	1	71084	500	4
	2	71084	1000	4
	3	71084	200	4
	4	7000500	20	4
	5	7004300	20	4
	6	55101	1	4
	7	55108	1	4
	8	55115	1	4
	9	71035	1	4
	10	30250	1	4
	11	72320	1	4
	12	72346	1	4
	13	27992	1	4
	14	27993	1	4
	15	27994	1	4
	16	72319	1	4
	17	25041	1	4
	18	50569	1	4
	19	50570	1	4
	20	50571	1	4
	21	50572	1	4
	22	50573	1	4
	23	50574	1	4
	24	50575	1	4
	25	100400	5	4
	26	100500	5	4
	27	71301	1	4
	28	50255	50	4
	29	50255	70	4
	30	96002	1	4
	31	71302	20	4
	32	80063	350	4
	33	80063	200	4
	34	71153	1	4
	35	71097	1	1
	36	39063	1	1
	37	72067	2	4
	38	72067	3	4
	39	49995	1	4
	40	30612	5	4
	41	30611	5	4
	42	30617	1	4
	43	30616	1	4
	44	30627	1	4
	45	30624	1	4
	46	30618	1	4
	47	25051	1	1
}
Group meley
{
	Vnum	51116
	1	71084	500	4
	2	71084	1000	4
	3	71084	200	4
	4	7000500	20	4
	5	7004300	20	4
	6	55101	1	4
	7	55108	1	4
	8	55115	1	4
	9	71035	1	4
	10	30250	1	4
	11	72320	1	4
	12	72346	1	4
	13	27992	1	4
	14	27993	1	4
	15	27994	1	4
	16	72319	1	4
	17	25041	1	4
	18	50569	1	4
	19	50570	1	4
	20	50571	1	4
	21	50572	1	4
	22	50573	1	4
	23	50574	1	4
	24	50575	1	4
	25	100400	5	4
	26	100500	5	4
	27	71301	1	4
	28	50255	50	4
	29	50255	70	4
	30	96002	1	4
	31	71302	20	4
	32	80063	350	4
	33	80063	200	4
	34	71153	1	4
	35	71097	1	1
	36	39063	1	1
	37	72067	2	4
	38	72067	3	4
	39	49995	1	4
	40	30620	1	4
	41	30621	1	4
	42	30630	1	4
	43	30617	1	4
	44	30616	1	4
	45	30628	1	4
	46	30618	1	4
	47	30624	1	4
	48	114000	1	1
	49	124000	1	1
	50	134000	1	1
	51	144000	1	1
	52	154000	1	1
	53	164000	1	1
	54	25051	1	1
	55	25052	1	1
}
Group bestia
{
	Vnum	50134
	1	71084	500	4
	2	71084	1000	4
	3	71084	200	4
	4	7000500	20	4
	5	7004300	20	4
	6	55101	1	4
	7	55108	1	4
	8	55115	1	4
	9	71035	1	4
	10	30250	1	4
	11	72320	1	4
	12	72346	1	4
	13	27992	1	4
	14	27993	1	4
	15	27994	1	4
	16	72319	1	4
	17	25041	1	4
	18	50569	1	4
	19	50570	1	4
	20	50571	1	4
	21	50572	1	4
	22	50573	1	4
	23	50574	1	4
	24	50575	1	4
	25	100400	5	4
	26	100500	5	4
	27	71301	1	4
	28	50255	50	4
	29	50255	70	4
	30	96002	1	4
	31	71302	20	4
	32	80063	350	4
	33	80063	200	4
	34	71153	1	4
	35	71097	1	1
	36	39063	1	1
	37	72067	2	4
	38	72067	3	4
	39	49995	1	4
	40	30612	5	4
	41	30611	5	4
	42	33029	5	4
	43	33030	5	4
	44	30624	1	4
	45	30618	1	4
	46	25051	1	1
}
Group meley
{
	Vnum	50157
	1	71084	500	4
	2	71084	1000	4
	3	71084	200	4
	4	7000500	20	4
	5	7004300	20	4
	6	55101	1	4
	7	55108	1	4
	8	55115	1	4
	9	71035	1	4
	10	30250	1	4
	11	72320	1	4
	12	72346	1	4
	13	27992	1	4
	14	27993	1	4
	15	27994	1	4
	16	72319	1	4
	17	25041	1	4
	18	50569	1	4
	19	50570	1	4
	20	50571	1	4
	21	50572	1	4
	22	50573	1	4
	23	50574	1	4
	24	50575	1	4
	25	100400	5	4
	26	100500	5	4
	27	71301	1	4
	28	50255	50	4
	29	50255	70	4
	30	96002	1	4
	31	71302	20	4
	32	80063	350	4
	33	80063	200	4
	34	71153	1	4
	35	71097	1	1
	36	39063	1	1
	37	72067	2	4
	38	72067	3	4
	39	49995	1	4
	40	30617	1	4
	41	30618	1	4
	42	114020	1	1
	43	124020	1	1
	44	134020	1	1
	45	144020	1	1
	46	154020	1	1
	47	164020	1	1
	48	25051	1	1
	49	25052	1	1
	50	31130	5	4
	51	31133	1	4
	52	31134	1	4
	53	31132	5	4
	54	31135	1	4
	55	25053	1	4
}
Group LibroPet
{
	Vnum	55009
	1	55010	1	1
	2	55011	1	1
	3	55012	1	1
	4	55013	1	1
	5	55014	1	1
	6	55015	1	1
	7	55016	1	1
	8	55017	1	1
	9	55018	1	1
	10	55019	1	1
	11	55020	1	1
	12	55021	1	1
	13	55022	1	1
	14	55023	1	1
	15	55024	1	1
	16	55025	1	1
	17	55026	1	1
	18	55027	1	1
	19	55028	1	1
	20	55029	1	1
	21	55030	1	1
	22	55031	1	1
	23	55038	1	1
	24	55039	1	1
	25	55040	1	1
	26	55041	1	1
	27	55042	1	1
	28	55043	1	1
	29	55044	1	1
}
Group	Cofrearmas65
{
	Vnum	54706
	1	147	1	30
	2	148	1	30
	3	149	1	30
	4	157	1	30
	5	158	1	30
	6	159	1	30
	7	1107	1	30
	8	1108	1	30
	9	1109	1	30
	10	2147	1	30
	11	2148	1	30
	12	2149	1	30
	13	3137	1	30
	14	3138	1	30
	15	3139	1	30
	16	5107	1	30
	17	5108	1	30
	18	5109	1	30
	19	7147	1	30
	20	7148	1	30
	21	7149	1	30
}
Group	Cofrearmas70
{
	Vnum	54707
	1	177	1	30
	2	178	1	30
	3	179	1	30
	4	1127	1	30
	5	1128	1	30
	6	1129	1	30
	7	2187	1	30
	8	2188	1	30
	9	2189	1	30
	10	3157	1	30
	11	3158	1	30
	12	3159	1	30
	13	7157	1	30
	14	7158	1	30
	15	7159	1	30
}
Group	Cofrearmas75
{
	Vnum	54708
	1	187	1	30
	2	188	1	30
	3	189	1	30
	4	197	1	30
	5	198	1	30
	6	199	1	30
	7	2177	1	30
	8	2178	1	30
	9	2179	1	30
	10	3167	1	30
	11	3168	1	30
	12	3169	1	30
	13	5127	1	30
	14	5128	1	30
	15	5129	1	30
	16	1137	1	30
	17	1138	1	30
	18	1139	1	30
}
Group	Cofrearmaduras66
{
	Vnum	54709
	1	11297	1	30
	2	11298	1	30
	3	11299	1	30
	4	11497	1	30
	5	11498	1	30
	6	11499	1	30
	7	11697	1	30
	8	11698	1	30
	9	11699	1	30
	10	11897	1	30
	11	11898	1	30
	12	11899	1	30
}
Group	Cofreaccesorios1
{
	Vnum	54710
	1	12247	1	30
	2	12248	1	30
	3	12249	1	30
	4	12387	1	30
	5	12388	1	30
	6	12389	1	30
	7	12527	1	30
	8	12528	1	30
	9	12529	1	30
	10	12667	1	30
	11	12668	1	30
	12	12669	1	30
	13	13047	1	30
	14	13048	1	30
	15	13049	1	30
	16	13067	1	30
	17	13068	1	30
	18	13069	1	30
	19	13087	1	30
	20	13088	1	30
	21	13089	1	30
	22	13107	1	30
	23	13108	1	30
	24	13109	1	30
	25	13127	1	30
	26	13128	1	30
	27	13129	1	30
	28	15087	1	30
	29	15088	1	30
	30	15089	1	30
	31	15187	1	30
	32	15188	1	30
	33	15189	1	30
	34	15207	1	30
	35	15208	1	30
	36	15209	1	30
	37	15227	1	30
	38	15228	1	30
	39	15229	1	30
	40	18017	1	30
	41	18018	1	30
	42	18019	1	30
	43	18027	1	30
	44	18028	1	30
	45	18029	1	30
	46	18037	1	30
	47	18038	1	30
	48	18039	1	30
}
Group	Cofreaccesorios2
{
	Vnum	54711
	1	14207	1	30
	2	14208	1	30
	3	14209	1	30
	4	14147	1	30
	5	14148	1	30
	6	14149	1	30
	7	16147	1	30
	8	16148	1	30
	9	16149	1	30
	10	16187	1	30
	11	16188	1	30
	12	16189	1	30
	13	16207	1	30
	14	16208	1	30
	15	16209	1	30
	16	17147	1	30
	17	17148	1	30
	18	17149	1	30
	19	17107	1	30
	20	17108	1	30
	21	17109	1	30
	22	17207	1	30
	23	17208	1	30
	24	17209	1	30
}
Group	cofretalismanes
{
	Vnum	77905
	1	10750	1	30
	2	10520	1	30
	3	10290	1	30
	4	10060	1	30
	5	9830	1	30
	6	9600	1	30
}
Group	cofrepend
{
	Vnum	77906
	1	17500	1	30
	2	17520	1	30
	3	17540	1	30
	4	17560	1	30
}
Group	cofrebraza
{
	Vnum	77907
	1	14500	1	30
	2	14520	1	30
	3	14540	1	30
	4	14560	1	30
}
Group	cofrecollares
{
	Vnum	77908
	1	16500	1	30
	2	16520	1	30
	3	16540	1	30
	4	16560	1	30
}
Group	cofreanillo
{
	Vnum	77909
	1	19500	1	30
	2	19520	1	30
	3	19540	1	30
	4	19560	1	30
}
Group	cofreskindop1
{
	Vnum	77910
1	54001	1	30
2	54002	1	15
3	54003	1	1
4	54004	1	30
5	54005	1	15
6	54006	1	1
7	54007	1	30
8	54008	1	15
9	54009	1	1
10	54010	1	30
11	54011	1	15
12	54012	1	1
13	54013	1	30
14	54014	1	15
15	54015	1	1
16	54016	1	30
17	54017	1	15
18	54018	1	1
19	54019	1	30
20	54020	1	15
21	54021	1	1
22	54022	1	30
23	54023	1	15
24	54024	1	1
25	54025	1	30
26	54026	1	15
27	54027	1	1
28	54028	1	30
29	54029	1	15
30	54030	1	1
31	54031	1	30
32	54032	1	15
33	54033	1	1
34	54034	1	30
35	54035	1	15
36	54036	1	1
37	54037	1	30
38	54038	1	15
39	54039	1	1
40	54040	1	30
41	54041	1	15
42	54042	1	1
43	54043	1	30
44	54044	1	15
45	54045	1	1
46	54046	1	30
47	54047	1	15
48	54048	1	1
49	54049	1	30
50	54050	1	15
51	54051	1	1
52	54052	1	30
53	54053	1	15
54	54054	1	1
55	54055	1	30
56	54056	1	15
57	54057	1	1
58	54058	1	30
59	54059	1	15
60	54060	1	1
61	54061	1	30
62	54062	1	15
63	54063	1	1
64	54064	1	30
65	54065	1	15
66	54066	1	1
67	54067	1	30
68	54068	1	15
69	54069	1	1
70	54070	1	30
71	54071	1	15
72	54072	1	1
73	54073	1	30
74	54074	1	15
75	54075	1	1
76	54076	1	30
77	54077	1	15
78	54078	1	1
79	54079	1	30
80	54080	1	15
81	54081	1	1
82	54082	1	30
83	54083	1	15
84	54084	1	1
85	54085	1	30
86	54086	1	15
87	54087	1	1
88	54088	1	30
89	54089	1	15
90	54090	1	1
91	54091	1	30
92	54092	1	15
93	54093	1	1
94	54094	1	30
95	54095	1	15
96	54096	1	1
97	54097	1	30
98	54098	1	15
99	54099	1	1
100	54100	1	30
101	54101	1	15
102	54102	1	1
103	54103	1	30
104	54104	1	15
105	54105	1	1
106	54106	1	30
107	54107	1	15
108	54108	1	1
109	54109	1	30
110	54110	1	15
111	54111	1	1
112	54112	1	30
113	54113	1	15
114	54114	1	1
115	54115	1	30
116	54116	1	15
117	54117	1	1
118	54118	1	30
119	54119	1	15
120	54120	1	1
121	54121	1	30
122	54122	1	15
123	54123	1	1
124	54124	1	30
125	54125	1	15
126	54126	1	1
127	54127	1	30
128	54128	1	15
129	54129	1	1
130	54130	1	30
131	54131	1	15
132	54132	1	1
133	54133	1	30
134	54134	1	15
135	54135	1	1
136	54136	1	30
137	54137	1	15
138	54138	1	1
139	54139	1	30
140	54140	1	15
141	54141	1	1
142	54142	1	30
143	54143	1	15
144	54144	1	1
145	54145	1	30
146	54146	1	15
147	54147	1	1
148	54148	1	30
149	54149	1	15
150	54150	1	1
151	54151	1	30
152	54152	1	15
153	54153	1	1
154	54154	1	30
155	54155	1	15
156	54156	1	1
157	54157	1	30
158	54158	1	15
159	54159	1	1
160	54160	1	30
161	54161	1	15
162	54162	1	1
163	54163	1	30
164	54164	1	15
165	54165	1	1
166	54166	1	30
167	54167	1	15
168	54168	1	1
169	54169	1	30
170	54170	1	15
171	54171	1	1
172	54172	1	30
173	54173	1	15
174	54174	1	1
175	54175	1	30
176	54176	1	15
177	54177	1	1
178	54178	1	30
179	54179	1	15
180	54180	1	1
181	54181	1	30
182	54182	1	15
183	54183	1	1
184	54184	1	30
185	54185	1	15
186	54186	1	1
187	54187	1	30
188	54188	1	15
189	54189	1	1
190	54190	1	30
191	54191	1	15
192	54192	1	1
193	54193	1	30
194	54194	1	15
195	54195	1	1
196	54196	1	30
197	54197	1	15
198	54198	1	1
199	54199	1	30
200	54200	1	15
201	54201	1	1
202	54202	1	30
203	54203	1	15
204	54204	1	1
205	54205	1	30
206	54206	1	15
207	54207	1	1
208	54208	1	30
209	54209	1	15
210	54210	1	1
211	54211	1	30
212	54212	1	15
213	54213	1	1
214	54214	1	30
215	54215	1	15
216	54216	1	1
217	54217	1	30
218	54218	1	15
219	54219	1	1
220	54220	1	30
221	54221	1	15
222	54222	1	1
223	54223	1	30
224	54224	1	15
225	54225	1	1
226	54226	1	30
227	54227	1	15
228	54228	1	1
229	54229	1	30
230	54230	1	15
231	54231	1	1
232	54232	1	30
233	54233	1	15
234	54234	1	1
235	54235	1	30
236	54236	1	15
237	54237	1	1
238	54238	1	30
239	54239	1	15
240	54240	1	1
241	54241	1	30
242	54242	1	15
243	54243	1	1
244	54244	1	30
245	54245	1	15
246	54246	1	1
247	54247	1	30
248	54248	1	15
249	54249	1	1
250	54250	1	30
251	54251	1	15
252	54252	1	1
253	54253	1	30
254	54254	1	15
255	54255	1	1
256	54256	1	30
257	54257	1	15
258	54258	1	1
259	54259	1	30
260	54260	1	15
261	54261	1	1
262	54262	1	30
263	54263	1	15
264	54264	1	1
265	54265	1	30
266	54266	1	15
267	54267	1	1
}
Group	cofreskindop2
{
	Vnum	77911
1	54001	1	30
2	54002	1	30
3	54003	1	5
4	54004	1	30
5	54005	1	30
6	54006	1	5
7	54007	1	30
8	54008	1	30
9	54009	1	5
10	54010	1	30
11	54011	1	30
12	54012	1	5
13	54013	1	30
14	54014	1	30
15	54015	1	5
16	54016	1	30
17	54017	1	30
18	54018	1	5
19	54019	1	30
20	54020	1	30
21	54021	1	5
22	54022	1	30
23	54023	1	30
24	54024	1	5
25	54025	1	30
26	54026	1	30
27	54027	1	5
28	54028	1	30
29	54029	1	30
30	54030	1	5
31	54031	1	30
32	54032	1	30
33	54033	1	5
34	54034	1	30
35	54035	1	30
36	54036	1	5
37	54037	1	30
38	54038	1	30
39	54039	1	5
40	54040	1	30
41	54041	1	30
42	54042	1	5
43	54043	1	30
44	54044	1	30
45	54045	1	5
46	54046	1	30
47	54047	1	30
48	54048	1	5
49	54049	1	30
50	54050	1	30
51	54051	1	5
52	54052	1	30
53	54053	1	30
54	54054	1	5
55	54055	1	30
56	54056	1	30
57	54057	1	5
58	54058	1	30
59	54059	1	30
60	54060	1	5
61	54061	1	30
62	54062	1	30
63	54063	1	5
64	54064	1	30
65	54065	1	30
66	54066	1	5
67	54067	1	30
68	54068	1	30
69	54069	1	5
70	54070	1	30
71	54071	1	30
72	54072	1	5
73	54073	1	30
74	54074	1	30
75	54075	1	5
76	54076	1	30
77	54077	1	30
78	54078	1	5
79	54079	1	30
80	54080	1	30
81	54081	1	5
82	54082	1	30
83	54083	1	30
84	54084	1	5
85	54085	1	30
86	54086	1	30
87	54087	1	5
88	54088	1	30
89	54089	1	30
90	54090	1	5
91	54091	1	30
92	54092	1	30
93	54093	1	5
94	54094	1	30
95	54095	1	30
96	54096	1	5
97	54097	1	30
98	54098	1	30
99	54099	1	5
100	54100	1	30
101	54101	1	30
102	54102	1	5
103	54103	1	30
104	54104	1	30
105	54105	1	5
106	54106	1	30
107	54107	1	30
108	54108	1	5
109	54109	1	30
110	54110	1	30
111	54111	1	5
112	54112	1	30
113	54113	1	30
114	54114	1	5
115	54115	1	30
116	54116	1	30
117	54117	1	5
118	54118	1	30
119	54119	1	30
120	54120	1	5
121	54121	1	30
122	54122	1	30
123	54123	1	5
124	54124	1	30
125	54125	1	30
126	54126	1	5
127	54127	1	30
128	54128	1	30
129	54129	1	5
130	54130	1	30
131	54131	1	30
132	54132	1	5
133	54133	1	30
134	54134	1	30
135	54135	1	5
136	54136	1	30
137	54137	1	30
138	54138	1	5
139	54139	1	30
140	54140	1	30
141	54141	1	5
142	54142	1	30
143	54143	1	30
144	54144	1	5
145	54145	1	30
146	54146	1	30
147	54147	1	5
148	54148	1	30
149	54149	1	30
150	54150	1	5
151	54151	1	30
152	54152	1	30
153	54153	1	5
154	54154	1	30
155	54155	1	30
156	54156	1	5
157	54157	1	30
158	54158	1	30
159	54159	1	5
160	54160	1	30
161	54161	1	30
162	54162	1	5
163	54163	1	30
164	54164	1	30
165	54165	1	5
166	54166	1	30
167	54167	1	30
168	54168	1	5
169	54169	1	30
170	54170	1	30
171	54171	1	5
172	54172	1	30
173	54173	1	30
174	54174	1	5
175	54175	1	30
176	54176	1	30
177	54177	1	5
178	54178	1	30
179	54179	1	30
180	54180	1	5
181	54181	1	30
182	54182	1	30
183	54183	1	5
184	54184	1	30
185	54185	1	30
186	54186	1	5
187	54187	1	30
188	54188	1	30
189	54189	1	5
190	54190	1	30
191	54191	1	30
192	54192	1	5
193	54193	1	30
194	54194	1	30
195	54195	1	5
196	54196	1	30
197	54197	1	30
198	54198	1	5
199	54199	1	30
200	54200	1	30
201	54201	1	5
202	54202	1	30
203	54203	1	30
204	54204	1	5
205	54205	1	30
206	54206	1	30
207	54207	1	5
208	54208	1	30
209	54209	1	30
210	54210	1	5
211	54211	1	30
212	54212	1	30
213	54213	1	5
214	54214	1	30
215	54215	1	30
216	54216	1	5
217	54217	1	30
218	54218	1	30
219	54219	1	5
220	54220	1	30
221	54221	1	30
222	54222	1	5
223	54223	1	30
224	54224	1	30
225	54225	1	5
226	54226	1	30
227	54227	1	30
228	54228	1	5
229	54229	1	30
230	54230	1	30
231	54231	1	5
232	54232	1	30
233	54233	1	30
234	54234	1	5
235	54235	1	30
236	54236	1	30
237	54237	1	5
238	54238	1	30
239	54239	1	30
240	54240	1	5
241	54241	1	30
242	54242	1	30
243	54243	1	5
244	54244	1	30
245	54245	1	30
246	54246	1	5
247	54247	1	30
248	54248	1	30
249	54249	1	5
250	54250	1	30
251	54251	1	30
252	54252	1	5
253	54253	1	30
254	54254	1	30
255	54255	1	5
256	54256	1	30
257	54257	1	30
258	54258	1	5
259	54259	1	30
260	54260	1	30
261	54261	1	5
262	54262	1	30
263	54263	1	30
264	54264	1	5
265	54265	1	30
266	54266	1	30
267	54267	1	5
}
Group	cofreskindop3
{
	Vnum	77912
1	54002	1	15
2	54003	1	5
3	54005	1	15
4	54006	1	5
5	54008	1	15
6	54009	1	5
7	54011	1	15
8	54012	1	5
9	54014	1	15
10	54015	1	5
11	54017	1	15
12	54018	1	5
13	54020	1	15
14	54021	1	5
15	54023	1	15
16	54024	1	5
17	54026	1	15
18	54027	1	5
19	54029	1	15
20	54030	1	5
21	54032	1	15
22	54033	1	5
23	54035	1	15
24	54036	1	5
25	54038	1	15
26	54039	1	5
27	54041	1	15
28	54042	1	5
29	54044	1	15
30	54045	1	5
31	54047	1	15
32	54048	1	5
33	54050	1	15
34	54051	1	5
35	54053	1	15
36	54054	1	5
37	54056	1	15
38	54057	1	5
39	54059	1	15
40	54060	1	5
41	54062	1	15
42	54063	1	5
43	54065	1	15
44	54066	1	5
45	54068	1	15
46	54069	1	5
47	54071	1	15
48	54072	1	5
49	54074	1	15
50	54075	1	5
51	54077	1	15
52	54078	1	5
53	54080	1	15
54	54081	1	5
55	54083	1	15
56	54084	1	5
57	54086	1	15
58	54087	1	5
59	54089	1	15
60	54090	1	5
61	54092	1	15
62	54093	1	5
63	54095	1	15
64	54096	1	5
65	54098	1	15
66	54099	1	5
67	54101	1	15
68	54102	1	5
69	54104	1	15
70	54105	1	5
71	54107	1	15
72	54108	1	5
73	54110	1	15
74	54111	1	5
75	54113	1	15
76	54114	1	5
77	54116	1	15
78	54117	1	5
79	54119	1	15
80	54120	1	5
81	54122	1	15
82	54123	1	5
83	54125	1	15
84	54126	1	5
85	54128	1	15
86	54129	1	5
87	54131	1	15
88	54132	1	5
89	54134	1	15
90	54135	1	5
91	54137	1	15
92	54138	1	5
93	54140	1	15
94	54141	1	5
95	54143	1	15
96	54144	1	5
97	54146	1	15
98	54147	1	5
99	54149	1	15
100	54150	1	5
101	54152	1	15
102	54153	1	5
103	54155	1	15
104	54156	1	5
105	54158	1	15
106	54159	1	5
107	54161	1	15
108	54162	1	5
109	54164	1	15
110	54165	1	5
111	54167	1	15
112	54168	1	5
113	54170	1	15
114	54171	1	5
115	54173	1	15
116	54174	1	5
117	54176	1	15
118	54177	1	5
119	54179	1	15
120	54180	1	5
121	54182	1	15
122	54183	1	5
123	54185	1	15
124	54186	1	5
125	54188	1	15
126	54189	1	5
127	54191	1	15
128	54192	1	5
129	54194	1	15
130	54195	1	5
131	54197	1	15
132	54198	1	5
133	54200	1	15
134	54201	1	5
135	54203	1	15
136	54204	1	5
137	54206	1	15
138	54207	1	5
139	54209	1	15
140	54210	1	5
141	54212	1	15
142	54213	1	5
143	54215	1	15
144	54216	1	5
145	54218	1	15
146	54219	1	5
147	54221	1	15
148	54222	1	5
149	54224	1	15
150	54225	1	5
151	54227	1	15
152	54228	1	5
153	54230	1	15
154	54231	1	5
155	54233	1	15
156	54234	1	5
157	54236	1	15
158	54237	1	5
159	54239	1	15
160	54240	1	5
161	54242	1	15
162	54243	1	5
163	54245	1	15
164	54246	1	5
165	54248	1	15
166	54249	1	5
167	54251	1	15
168	54252	1	5
169	54254	1	15
170	54255	1	5
171	54257	1	15
172	54258	1	5
173	54260	1	15
174	54261	1	5
175	54263	1	15
176	54264	1	5
177	54266	1	15
178	54267	1	5
}
Group	Biolgo
{
	Vnum	54712
	Type	Pct
	1	30006	10	100
	2	30047	15	100
	3	30015	15	100
	4	30050	20	100
	5	300004	25	100
	6	300005	30	100
	7	300006	40	100
	8	300007	50	100
	9	300008	10	100
	10	300009	20	100
}
Group	Biolgo2
{
	Vnum	54713
	Type	Pct
	1	71035	10	100
	2	30250	10	100
}
Group	Biolgo3
{
	Vnum	54714
	Type	Pct
	1	71035	50	100
	2	30250	50	100
}
Group	DopadorS
{
	Vnum	54715
	Type	Pct
	1	71084	2000	100
	2	71084	2000	100
	3	71084	1000	100
}
Group	DopadorM
{
	Vnum	54716
	Type	Pct
	1	71084	2000	100
	2	71084	2000	100
	3	71084	1000	100
	4	71302	500	100
}
Group	DopadorXL
{
	Vnum	54717
	Type	Pct
	1	71084	2000	100
	2	71084	2000	100
	3	71084	1000	100
	4	72346	20	100
}
Group	AlquimiaS
{
	Vnum	77913
	Type	Pct
	1	114000	1	100
	2	124000	1	100
	3	134000	1	100
	4	144000	1	100
	5	154000	1	100
	6	164000	1	100
}
Group	AlquimiaS
{
	Vnum	77914
	Type	Pct
	1	114000	1	100
	2	124000	1	100
	3	134000	1	100
	4	144000	1	100
	5	154000	1	100
	6	164000	1	100
	7	114000	1	100
	8	124000	1	100
	9	134000	1	100
	10	144000	1	100
	11	154000	1	100
	12	164000	1	100
	13	114000	1	100
	14	124000	1	100
	15	134000	1	100
	16	144000	1	100
	17	154000	1	100
	18	164000	1	100
	19	114000	1	100
	20	124000	1	100
	21	134000	1	100
	22	144000	1	100
	23	154000	1	100
	24	164000	1	100
	25	114000	1	100
	26	124000	1	100
	27	134000	1	100
	28	144000	1	100
	29	154000	1	100
	30	164000	1	100
}
Group	AlquimiaS
{
	Vnum	77915
	Type	Pct
	1	114000	1	100
	2	124000	1	100
	3	134000	1	100
	4	144000	1	100
	5	154000	1	100
	6	164000	1	100
	7	114000	1	100
	8	124000	1	100
	9	134000	1	100
	10	144000	1	100
	11	154000	1	100
	12	164000	1	100
	13	114000	1	100
	14	124000	1	100
	15	134000	1	100
	16	144000	1	100
	17	154000	1	100
	18	164000	1	100
	19	114000	1	100
	20	124000	1	100
	21	134000	1	100
	22	144000	1	100
	23	154000	1	100
	24	164000	1	100
	25	114000	1	100
	26	124000	1	100
	27	134000	1	100
	28	144000	1	100
	29	154000	1	100
	30	164000	1	100
	31	114000	1	100
	32	124000	1	100
	33	134000	1	100
	34	144000	1	100
	35	154000	1	100
	36	164000	1	100
	37	114000	1	100
	38	124000	1	100
	39	134000	1	100
	40	144000	1	100
	41	154000	1	100
	42	164000	1	100
	43	114000	1	100
	44	124000	1	100
	45	134000	1	100
	46	144000	1	100
	47	154000	1	100
	48	164000	1	100
	49	114000	1	100
	50	124000	1	100
	51	134000	1	100
	52	144000	1	100
	53	154000	1	100
	54	164000	1	100
	55	114000	1	100
	56	124000	1	100
	57	134000	1	100
	58	144000	1	100
	59	154000	1	100
	60	164000	1	100
}
Group	Battlepass
{
	Vnum	77916
	Type	Pct
	1	72346	3	100
	2	80025	50	100
	3	72320	5	100
	4	72319	5	100
	5	55036	1	100
	6	71084	2000	100
	7	71035	5	100
	8	30250	5	100
	9	30400	200	100
}
Group luzluna
{
	Vnum	50011
	1	71151	5	2
	2	71151	20	2
	3	71084	10	4
	4	71084	30	4
	5	80064	1	4
	6	72064	1	4
	7	72065	1	4
	8	72066	1	2
	9	72067	1	1
	10	80025	1	2
	11	7004300	1	1
	12	7000500	1	1
	13	71302	1	1
	14	50255	2	4
	15	50255	3	4
	16	50255	5	2
	17	80019	1	4
	18	100300	1	1
	19	77910	1	1
	20	39070	1	2
	21	39071	1	2
	22	39072	1	2
	23	39073	1	2
	24	80025	10	2
	25	77911	1	1
	26	30400	1	4
	27	30400	3	3
	28	30400	5	1
	29	72346	1	1
	30	30250	1	1
	31	71035	1	1
	32	71301	1	1
	33	96001	1	2
	34	96002	1	2
	35	96003	1	2
	36	96004	1	2
	37	96005	1	2
	38	96006	1	2
	39	77900	1	1
	40	80025	10	1
	41	100400	1	1
	42	100500	1	1
}
Group alquimiadragon
{
	Vnum	50255
	1	110000	1	1
	2	120000	1	1
	3	130000	1	1
	4	140000	1	1
	5	150000	1	1
	6	160000	1	1
}
Group CofreWBdunar
{
	Vnum	51115
	1	320	1	1
	2	340	1	1
	3	3230	1	1
	4	2210	1	1
	5	1190	1	1
	6	5170	1	1
	7	7310	1	1
	8	21210	1	1
	9	21230	1	1
	10	21250	1	1
	11	21270	1	1
}
Group zodiaco
{
	Vnum	51117
	1	7147	1	30
	2	5107	1	30
	3	3137	1	30
	4	2147	1	30
	5	147	1	30
	6	1107	1	30
	7	157	1	30
	8	11494	1	30
	9	11694	1	30
	10	11894	1	30
	11	11294	1	30
	12	15440	1	20
	13	15450	1	20
	14	15460	1	20
	15	15470	1	20
	16	71084	2000	70
	17	80025	10	40
	18	55036	1	10
}
Group	ONLYFORGM
{
	Vnum	50035
	Type	Pct
	1	70002	1	100
	2	55033	200	100
	3	6884	2000	100
	4	72320	2000	100
	5	72319	2000	100
	6	71511	1	100
	7	71508	1	100
	8	71505	1	100
	9	71502	1	100
	10	55407	1	100
	11	55401	1	100
	12	55404	1	100
	13	53013	1	100
	14	53010	1	100
	15	53007	1	100
	16	53004	1	100
	17	77915	2000	100
	18	71097	2000	100
	19	100500	2000	100
	20	100400	2000	100
	21	100300	2000	100
	22	54708	2000	100
	23	54711	2000	100
	24	54706	2000	100
	25	54709	2000	100
	26	54710	2000	100
	27	77912	2000	100
	28	25169	2000	100
	29	25168	2000	100
	30	25167	2000	100
	31	25166	2000	100
	32	25165	2000	100
	33	25164	2000	100
	34	25163	2000	100
	35	71254	1	100
	36	71234	1	100
	37	54714	2000	100
	38	54717	2000	100
	39	25041	2000	100
	40	55035	2000	100
	41	53996	2000	100
	42	53997	2000	100
	43	77904	2000	100
	44	77905	2000	100
	45	77906	2000	100
	46	77907	2000	100
	47	77908	2000	100
	48	77909	2000	100
	49	55009	2000	100
	50	50011	2000	100
	51	30135	2000	100
	52	39070	2000	100
	53	39071	2000	100
	54	39072	2000	100
	55	39073	2000	100
	56	72068	2000	100
	57	85004	1	100
	58	85008	1	100
	59	85014	1	100
	60	85018	1	100
}
Group BronceOkey
{
	Vnum	50277
	1	71151	20	1
	2	71151	50	1
	3	71084	50	1
	4	71084	100	1
	5	80064	10	1
	6	72064	2	1
	7	80025	10	1
	8	7004300	50	1
	9	7000500	50	1
	10	50255	5	1
	11	50255	10	1
	12	50255	20	1
	13	80019	1	1
	14	100300	5	1
	15	77910	5	1
	16	39070	1	1
	17	39071	1	1
	18	39072	1	1
	19	39073	1	1
	20	80061	10	1
	21	80061	20	1
	22	80061	30	1
	23	30400	5	1
	24	49990	10	1
}
Group PlataOkey
{
	Vnum	50276
	1	71084	100	1
	2	71084	200	1
	3	27992	1	1
	4	27993	1	1
	5	27994	1	1
	6	72065	2	1
	7	72066	2	1
	8	80025	20	1
	9	7004300	100	1
	10	7000500	100	1
	11	71302	10	1
	12	50255	10	1
	13	50255	20	1
	14	50255	30	1
	15	80019	2	1
	16	100300	10	1
	17	77911	5	1
	18	39070	1	1
	19	39071	1	1
	20	39072	1	1
	21	39073	1	1
	22	80062	10	1
	23	80062	20	1
	24	80062	30	1
	25	30400	20	1
	26	49992	5	1
	27	71035	1	1
	28	30250	1	1
	29	71301	1	1
	30	96001	1	1
	31	96002	1	1
	32	96003	1	1
	33	96004	1	1
	34	96005	1	1
	35	96006	1	1
	36	100400	5	1
	37	25050	1	1
}
Group OroOkey
{
	Vnum	50275
	1	71084	200	1
	2	71084	300	1
	3	27992	2	1
	4	27993	2	1
	5	27994	2	1
	6	72067	2	1
	7	80025	100	1
	8	7004300	100	1
	9	7000500	100	1
	10	71302	20	1
	11	50255	20	1
	12	50255	30	1
	13	50255	100	2
	14	80019	5	1
	15	100400	10	1
	16	77912	5	1
	17	39070	1	1
	18	39071	1	1
	19	39072	1	1
	20	39073	1	1
	21	80063	10	1
	22	80063	20	1
	23	80063	30	1
	24	30400	100	1
	25	49994	5	1
	26	71035	1	1
	27	30250	1	1
	28	71301	1	1
	29	96001	1	1
	30	96002	1	1
	31	96003	1	1
	32	96004	1	1
	33	96005	1	1
	34	96006	1	1
	35	100500	5	1
	36	72346	1	1
	37	25041	1	1
	38	71097	1	1
	39	55001	1	1
	40	25050	1	1
	41	25051	1	1
	42	25041	1	1
}
Group KingCards
{
	Vnum	50930
	1	71151	20	2
	2	71151	50	2
	3	71084	50	4
	4	71084	100	4
	5	80064	10	4
	6	72064	2	4
	7	80025	10	2
	8	7004300	50	1
	9	7000500	50	1
	10	50255	5	4
	11	50255	10	4
	12	50255	20	2
	13	80019	1	4
	14	100300	5	1
	15	77910	5	1
	16	39070	1	2
	17	39071	1	2
	18	39072	1	2
	19	39073	1	2
	20	80061	10	2
	21	80061	20	2
	22	80061	30	2
	23	30400	5	4
	24	49990	10	3
}
Group KingCards
{
	Vnum	50929
	1	71084	100	4
	2	71084	200	4
	3	27992	1	4
	4	27993	1	4
	5	27994	1	4
	6	72065	2	4
	7	72066	2	4
	8	80025	20	2
	9	7004300	100	1
	10	7000500	100	1
	11	71302	10	1
	12	50255	10	4
	13	50255	20	4
	14	50255	30	2
	15	80019	2	4
	16	100300	10	1
	17	77911	5	1
	18	39070	1	2
	19	39071	1	2
	20	39072	1	2
	21	39073	1	2
	22	80062	10	2
	23	80062	20	2
	24	80062	30	2
	25	30400	20	4
	26	49992	5	3
	27	71035	1	3
	28	30250	1	3
	29	71301	1	3
	30	96001	1	4
	31	96002	1	4
	32	96003	1	4
	33	96004	1	4
	34	96005	1	4
	35	96006	1	4
	36	100400	5	1
}
Group KingCards
{
	Vnum	50928
	1	71084	200	4
	2	71084	300	4
	3	27992	2	4
	4	27993	2	4
	5	27994	2	4
	6	72067	2	4
	7	80025	100	2
	8	7004300	100	1
	9	7000500	100	1
	10	71302	20	1
	11	50255	20	4
	12	50255	30	4
	13	50255	100	2
	14	80019	5	4
	15	100400	10	1
	16	77912	5	1
	17	39070	1	2
	18	39071	1	2
	19	39072	1	2
	20	39073	1	2
	21	80063	10	2
	22	80063	20	2
	23	80063	30	2
	24	30400	100	4
	25	49994	5	3
	26	71035	1	3
	27	30250	1	3
	28	71301	1	3
	29	96001	1	4
	30	96002	1	4
	31	96003	1	4
	32	96004	1	4
	33	96005	1	4
	34	96006	1	4
	35	100500	5	1
	36	72346	1	1
	37	25041	1	1
	38	71097	1	1
	39	55001	1	1
}
Group CofreLibroMisiones
{
	Vnum	77917
	1	50307	1	30
	2	50308	1	30
	3	50309	1	30
	4	50310	1	5
}
Group Cofrellavebronce
{
	Vnum	77918
	1	71151	5	2
	2	71151	20	2
	3	71084	10	4
	4	71084	30	4
	5	80064	1	4
	6	72064	1	4
	7	72065	1	4
	8	72066	1	2
	9	72067	1	1
	10	80025	1	2
	11	7004300	1	1
	12	7000500	1	1
	13	71302	1	1
	14	50255	2	4
	15	50255	3	4
	16	50255	5	2
	17	80019	1	4
	18	100300	1	1
	19	77910	1	1
	20	39070	1	2
	21	39071	1	2
	22	39072	1	2
	23	39073	1	2
	24	80025	10	2
	25	77911	1	1
	26	30400	1	4
	27	30400	3	3
	28	30400	5	1
	29	72346	1	1
	30	30250	1	1
	31	71035	1	1
	32	71301	1	1
	33	96001	1	2
	34	96002	1	2
	35	96003	1	2
	36	96004	1	2
	37	96005	1	2
	38	96006	1	2
	39	77900	1	1
	40	80025	10	1
	41	100400	1	1
	42	100500	1	1
}
Group Cofrellaveplata
{
	Vnum	77919
	1	71084	50	2
	2	71084	100	2
	3	80064	10	2
	4	72066	1	2
	5	80025	1	2
	6	7004300	1	2
	7	7000500	1	2
	8	71302	5	2
	9	50255	10	2
	10	50255	5	2
	11	50255	3	2
	12	80019	1	2
	13	100400	1	2
	14	39070	1	2
	15	39071	1	2
	16	39072	1	2
	17	39073	1	2
	18	80025	10	2
	19	80025	10	2
	20	77911	1	2
	21	30400	5	2
	22	30400	10	2
	23	30400	20	2
	24	72346	1	1
	25	30250	1	1
	26	71035	1	1
	27	71301	1	1
	28	96001	1	2
	29	96002	1	2
	30	96003	1	2
	31	96004	1	2
	32	96005	1	2
	33	96006	1	2
	34	77900	1	2
}
Group CofreLlaveOro
{
	Vnum	77920
	1	71084	200	2
	2	71084	500	2
	3	80064	25	2
	4	72066	1	2
	5	80025	1	2
	6	7004300	1	2
	7	7000500	1	2
	8	71302	5	2
	9	50255	20	2
	10	50255	50	2
	11	50255	10	2
	12	80019	1	2
	13	100400	1	2
	14	80025	5	2
	15	80025	10	2
	16	77911	1	2
	17	30400	10	2
	18	30400	20	2
	19	30400	30	2
	20	72346	1	2
	21	30250	1	2
	22	71035	1	2
	23	71301	1	2
	24	96001	1	2
	25	96002	1	2
	26	96003	1	2
	27	96004	1	2
	28	96005	1	2
	29	96006	1	2
	30	77900	1	2
	31	28444	1	2
	32	28445	1	2
	33	100500	1	2
	34	77912	1	2
	35	28443	1	2
	36	72319	1	2
	37	72320	1	2
	38	55035	1	2
	39	112400	1	2
	40	122400	1	2
	41	132400	1	2
	42	142400	1	2
	43	152400	1	2
	44	162400	1	2
	45	27992	1	2
	46	27993	1	2
	47	27994	1	2
	48	28430	1	2
	49	28431	1	2
	50	28432	1	2
	51	28433	1	2
	52	28434	1	2
	53	28435	1	2
	54	28436	1	2
	55	28437	1	2
	56	28438	1	2
	57	28439	1	2
	58	28440	1	2
	59	28441	1	2
	60	28442	1	2
}
Group CofreLlave
{
	Vnum	77924
	1	77921	1	70
	2	77922	1	20
	3	77923	1	2
}
Group	CofreatuendosM
{
	Vnum	77930
1	41005	1	1
2	41007	1	1
3	41009	1	1
4	41011	1	1
5	41013	1	1
6	41015	1	1
7	41017	1	1
8	41019	1	1
9	41021	1	1
10	41023	1	1
11	41025	1	1
12	41027	1	1
13	41055	1	1
14	41057	1	1
15	41059	1	1
16	41061	1	1
17	41063	1	1
18	41065	1	1
19	41067	1	1
20	41069	1	1
21	41071	1	1
22	41073	1	1
23	41075	1	1
24	41077	1	1
25	41079	1	1
26	41081	1	1
27	41083	1	1
}
Group	CofreatuendosF
{
	Vnum	77931
1	41006	1	1
2	41008	1	1
3	41010	1	1
4	41012	1	1
5	41014	1	1
6	41016	1	1
7	41018	1	1
8	41020	1	1
9	41022	1	1
10	41024	1	1
11	41026	1	1
12	41028	1	1
13	41056	1	1
14	41058	1	1
15	41060	1	1
16	41062	1	1
17	41064	1	1
18	41066	1	1
19	41068	1	1
20	41070	1	1
21	41072	1	1
22	41074	1	1
23	41076	1	1
24	41078	1	1
25	41080	1	1
26	41082	1	1
27	41084	1	1
}
Group Ramadan
{
	Vnum	50182
	1	71084	200	20
	2	71084	300	20
	3	27992	2	20
	4	27993	2	20
	5	27994	2	20
	6	72067	2	20
	7	80025	100	20
	8	7004300	100	20
	9	7000500	100	20
	10	71302	20	20
	11	50255	20	20
	12	50255	30	20
	13	50255	100	20
	14	80019	5	20
	15	100400	10	20
	16	77912	5	20
	17	39070	1	20
	18	39071	1	20
	19	39072	1	20
	20	39073	1	20
	21	80063	10	20
	22	80063	20	20
	23	80063	30	20
	24	30400	100	20
	25	49994	5	20
	26	71035	1	20
	27	30250	1	20
	28	71301	1	20
	29	96001	1	20
	30	96002	1	20
	31	96003	1	20
	32	96004	1	20
	33	96005	1	20
	34	96006	1	20
	35	100500	5	20
	36	72346	1	20
	37	25041	1	20
	38	71097	1	20
	39	55001	1	20
	40	25050	1	1
	41	25051	1	1
	42	25041	1	20
	43	72320	1	20
	44	72319	1	20
	45	39063	1	20
	46	28430	1	20
	47	28431	1	20
	48	28432	1	20
	49	28433	1	20
	50	28434	1	20
	51	28435	1	20
	52	28436	1	20
	53	28437	1	20
	54	28438	1	20
	55	28439	1	20
	56	28440	1	20
	57	28441	1	20
	58	28442	1	20
	59	28443	1	20
	60	28444	1	20
	61	28445	1	20
	62	53002	1	1
	63	53008	1	1
	64	53011	1	1
	65	71509	1	1
	66	71506	1	1
	67	71503	1	1
	68	71500	1	1
}
Group	CofreBegginer
{
	Vnum	77926
	Type	Pct
	1	76048	1	100
	2	76049	1	100
	3	71143	1	100
	4	53014	1	100
	5	71176	1	100
	6	71154	1	100
}

Group	CofreRunaF1
{
	Vnum	50938
	Type	Pct
	1	49991	2000	100
}

Group	CofreRunaF2
{
	Vnum	50939
	Type	Pct
	1	49992	2000	100
}

Group	CofreRunaF3
{
	Vnum	50940
	Type	Pct
	1	49993	2000	100
}

Group	CofreRunaF4
{
	Vnum	50941
	Type	Pct
	1	49994	2000	100
}

Group	CofreRunaF5
{
	Vnum	50942
	Type	Pct
	1	49995	2000	100
}

Group	CofreRuna5
{
	Vnum	50943
	Type	Pct
	1	49990	2000	100
}

Group	CofreArqRoja
{
	Vnum	70446
	Type	Pct
	1	33029	100	100
}

Group	CofreArqAzul
{
	Vnum	70447
	Type	Pct
	1	33030	100	100
}

Group	BaulPerlas
{
	Vnum	80064
	Type	Pct
	1	27992	1	1
	2	27993	1	1
	3	27994	1	1
	4	27990	1	10
}

Group	CofreJoker
{
	Vnum	94355
	Type	Pct
	1	40725	1	100
	2	40726	1	100
	3	40727	1	100
	4	40729	1	100
	5	40730	1	100
	6	40731	1	100
	7	40732	1	100
	8	40733	1	100
	9	40734	1	100
	10	40735	1	100
	11	40736	1	100
	12	40737	1	100
	13	40738	1	100
	14	86074	1	100
}
Group	AlastorFullBoss
{
	Vnum	70412
	Type	Pct
	1	98609	1	100
}

Group	AlastorMiniBoss
{
	Vnum	70411
	Type	Pct
	1	98609	1	100
}

Group	ReinaQueen
{
	Vnum	70429
	Type	Pct
	1	98609	1	100
}

Group	AlastorFullBoss
{
	Vnum	70412
	Type	Pct
	1	25055	1	70
	2	31262	3	50
	3	31263	3	50
	4	31259	3	50
	5	72346	1	70
	6	13210	1	70
	7	98609	1	70
	8	98610	1	10
	9	98611	1	10
	10	98612	1	1
	11	71097	1	70
}

Group	AlastorMiniBoss
{
	Vnum	70411
	Type	Pct
	1	25055	1	70
	2	31262	3	50
	3	31263	3	50
	4	31259	3	50
	5	72346	1	70
	6	13210	1	70
	7	98609	1	70
	8	98610	1	10
	9	98611	1	10
	10	98612	1	1
	11	71097	1	70
}

Group	ReinaQueen
{
	Vnum	96335
	Type	Pct
	1	25055	1	70
	2	31262	3	50
	3	31263	3	50
	4	31259	3	50
	5	72346	1	70
	6	13210	1	70
	7	98609	1	70
	8	98610	1	10
	9	98611	1	10
	10	98612	1	1
	11	71097	1	70
}
