#ifyouwant show all map write all or write mapname
#important hair need item value3 in proto
#mobvnum-mapname-race-weapon-armor-hair-acce-mount-effectweapon1	effectweapon2	effectweapon3	effectarmor1	effectarmor2	effectarmor3	effectspecial
61000	all	0	40717	40711	527	86073	0	40722	40723	0	0	0	0	0
61001	all	4	40714	40712	527	86073	0	40722	40723	0	0	0	0	0
61002	all	2	40713	40711	527	86073	0	40722	40723	0	0	0	0	0
61003	all	6	40713	40712	527	86073	32037	40722	40723	0	0	0	0	0
61004	all	5	40716	40711	527	86073	32037	40722	40723	0	0	0	0	0
61005	all	1	40715	40712	527	86073	0	40722	40723	0	0	0	0	0
61006	all	7	40718	40711	527	86073	0	40722	40723	0	0	0	0	0
61007	all	3	40719	40712	527	86073	0	40722	40723	0	0	0	0	0