#ifyouwant show all map write all or write mapname
#important hair need item value3 in proto
#mobvnum-mapname-race-weapon-armor-hair-acce-mount-effectweapon1	effectweapon2	effectweapon3	effectarmor1	effectarmor2	effectarmor3	effectspecial
61000	all	0	40634	34096	525	86067	0	65004	65104	65104	65104	0	0	0
61001	all	4	40630	34097	525	86067	0	65004	0	65104	65104	0	0	0
61002	all	2	40631	34096	525	86067	0	65004	0	0	65104	0	0	0
61003	all	6	40630	34097	525	86067	20142	65004	0	0	65104	0	0	0
61004	all	5	40633	34096	525	86067	20142	65004	0	0	65104	0	0	0
61005	all	1	40632	34097	525	86067	0	65004	0	0	65104	0	0	0
61006	all	7	40635	34096	525	86067	0	65004	0	0	65104	0	0	0
61007	all	3	40636	34097	525	86067	0	65004	0	0	65104	0	0	0